Quarter Weight (grams)
5.49									
5.52									
5.53									
5.53									
5.53									
5.56									
5.57									
5.57									
5.57									
5.57									
5.58									
5.58									
5.58									
5.58									
5.58									
5.58									
5.59									
5.59									
5.59									
5.59									
5.60									
5.60									
5.60									
5.60									
5.60									
5.60									
5.60									
5.61									
5.62									
5.62									
5.62									
5.63									
5.63									
5.63									
5.65									
5.66									
5.66									
5.66									
5.67									
5.67									
5.68									
5.70									
5.71									
5.71									
5.72									
5.73									
5.73									
5.73									
5.74									
5.84
