"Wait Time"
17.8
28.7
10.4
40
20.2
15.3
153.7
25.9
70.4
97.2
15.1
48.8
137.4
94.1
15.5
167.2
28.7
35.5
98.3
55.4
14.5
280.8
172.9
11.8
61.9
154.3
75.2
11.8
97.1
63.7
14.5
15.6
110.4
34
93.1
15.8
18.5
11.2
19.5
29.6
20.1
135.8
14.1
81.5
19.2
123.6
17.7
72.6
329.7
55.4
29.6
42
64.7
20.7
28.6
55.6
17.1
38.7
42.5
28.9
57
138.8
70.2
63
201.1
111.1
33.6
132.6
12.8
35.7
12.7
21.3
118.5
102
18.7
17
174
118.8
33.6
83.1
38.6
14.6
51.4
99.5
156.6
68.9
35.6
121.3
179.7
12.5
11.6
63.3
65.7
17
256.8
18.8
63.7
44.5
64.9
33.5
13.1
47
11.2
71
60.8
88.1
51.6
28.4
208.9
89.5
59.4
35.8
111.5
131.5
319.1
49.7
90
63.1
11.6
14.5
12.5
82.5
108.5
23.6
38.1
26.9
79.9
160
31.7
20.1
63
84.9
36.9
18.2
177.6
201
90.6
25.4
88
21.1
14.8
19
14.2
34.6
49.8
18.2
107.5
24
71.2
103.8
31.3
64
26.3
19.8
56.4
138.8
80.8
29.5
15
48.5
11.4
101.7
19
35.4
32.5
47.5
10.1
17.2
31.1
44.1
10.3
58.6
24
61.2
18.6
57.7
48.8
23.1
129.9
12.2
117.5
209.4
106
256.5
96
10.9
15.4
136.1
30.1
48.4
36
96.3
24.3
74.2
34.4
51.6
25.9
40.7
10.9
37.7
52.8
67
18.2
19.2
10.5
104
16.6
10.6
13.2
83.3
41.8
74.4
19.8
323.9
180.8
79.4
101.6
17.3
14.4
111.9
48.1
121.4
61
74.5
81.9
35.1
35.8
83.6
16.5
23.9
64.9
21.4
25.6
49.6
70.1
59.4
50.5
30.3
85.8
40.5
21.6
54.1
58.4
12
10
178.8
16.6
15.6
64.5
72.2
36.4
21.2
46.3
227.2
82
56.2
74.2
29
62.9
15.6
88.2
32.8
35.9
12.8
65.9
25.4
18.3
141.2
72.4
51.5
87.1
23
10.5
148.2
85.7
83.9
10.2
11.8
36
46.2
45.6
12
15.1
101.9
127.5
10.8
13.9
14.8
269.2
93
16.1
14.1
24.7
20.2
73.2
26
38.9
49.3
23.9
91.6
19.7
15.4
207
54.9
41
64.9
10.8
11.9
10
48.4
390.2
42.8
54
52.8
31.9
271
22
27
90.9
185.5
89.4
99.3
31.3
18.6
12.2
50.4
52.4
84.9
64.9
19.8
18.9
17
28.9
108.9
45.6
50.7
41.4
69
12.4
41.9
108.4
10.9
47.4
84.3
190.3
17.6
10.5
30.2
83.4
19.3
49.4
26.7
81.8
39.8
97.4
153.5
62.8
14.5
14.6
10.1
13.9
33.7
37.4
77.7
21.2
48.5
232.8
77.8
98.6
75.4
16
26.1
55.8
10.5
86
62.3
67.9
21.3
65.1
64.9
26.1
74.4
211.7
66.8
10.8
82.6
14.6
26.1
70.6
74.5
235
13
36.6
18.1
22.3
43.2
42.9
10.6
18.2
106.1
42.8
29.1
10.5
18.1
49.8
20.3
17.5
23.7
91.4
29.1
14.4
31.6
35.4
155.2
81.6
46.2
18.8
32.5
50.7
17.6
27
51.3
177.3
73.3
55.2
24.5
81.6
26.1
75.3
14.6
19.4
142
10.3
13.8
11.7
33.2
43.3
83.7
146.4
71.8
16.4
49.6
10.9
20
51.6
18.7
211
120.6
19.3
14.2
17.6
107.4
49.5
124.1
35.4
11.9
12.9
49.2
152.3
19.4
97.9
25.7
43.3
17.1
80.3
52.4
53.4
50.2
204.8
34.5
20.2
34.5
208.2
19.6
202
169.7
40.6
125
12.6
106.7
42.1
76.5
60.4
101.4
142.8
195.1
89.6
18.3
123.9
70
14.2
96.9
125.2
71.6
14.1
32.1
74.2
103.3
99.7
152.3
18.1
43.5
13.3
248.6
111.9
26.8
18.1
13.4
19.1
43.9
70.2
125.6
10.2
35.8
103.2
34.9
72.6
23.8
14
45.4
17.4
10.3
39.7
18.1
15.6
37
159
16
231.9
16.9
228.3
15.6
141.9
21.7
34.3
45.1
72.9
12.4
17
22.4
65.8
57.1
255.8
73.6
37.8
90.1
39.9
37.7
213.6
57.1
17.7
23.3
128.2
10.7
50.3
37.5
27.4
58
52.6
93.5
133.1
43.3
96.2
84.8
158.6
17.8
58.1
13.6
23.8
149.1
10.3
32.9
34.2
14.6
21.4
21.3
19.8
248.6
132.3
10.9
32.8
54.6
19
79.2
19.3
15.9
89.9
28.8
10.1
97
108.3
35.1
18.6
11.5
52
20.4
42.6
214.4
13.5
20.6
35.7
10.7
19.4
16.9
10.3
11.1
26.7
131.5
126.3
15.2
119.2
23.2
39.4
13.2
23.2
60.4
133.6
65.1
63.3
276.3
12.1
18.9
99.3
100.3
27.2
39.2
13
17.4
67.2
12.2
35
79.4
85.3
73.4
41.6
16.5
18.1
25.3
13.9
240
10.3
48.9
102.8
16.3
19.6
37.2
16.8
64.5
19.8
21.1
101.6
19.3
51.6
158.9
203.3
92.1
140.4
62.5
15.7
12.9
19.9
88.3
36.2
63.8
138.9
96.3
278.5
10.1
87.6
12.4
14.1
25
110.3
167.5
83.6
78.9
60
54.6
11.3
13.9
32.1
26.9
205.3
17.7
192.8
23.5
15.5
43.2
13.4
11
21
31.3
27.1
84.7
10.8
15.5
37.6
37.2
52.5
12.4
16.8
10
14.5
10.8
13.1
13
15.7
19.4
15.4
173.8
13.2
34.2
11
39.4
124.1
188
69.3
61.6
20.1
32.3
33.7
49.4
32.8
13
35.6
21.3
24
102.1
10.7
18.4
26.9
45.2
41.7
41.5
100.5
20.2
74.8
13.7
30.3
22.8
116.4
227.7
16.8
19.8
14.7
66.4
30.3
31.9
40.1
74.9
10.7
11.9
17.8
18.5
63.5
22.7
16.6
70.8
46.3
32.5
11.7
10.6
36.7
34.4
45.6
18.5
96.2
79.6
30.4
19.5
247.9
57.6
134.9
22.6
14.1
34.3
17.6
24.1
37.7
69.7
20.4
10.6
11.6
81.7
61.7
52.4
84.9
15.8
19.6
29.2
14
14.5
220.6
41.5
16.5
50.2
237.2
51.4
74.2
13
16.8
205.9
20.1
162
107.8
76.4
16
27.1
22
17.9
16.3
115
14.6
58.3
33.3
24.5
291.8
77.1
14.9
84.7
96.9
187.9
51.2
21.3
17.9
11.8
52.1
84.4
100.4
11.6
49.1
83.9
20.5
151.5
12.6
62.7
11.6
16.5
10.6
20.5
42.5
59.7
27.8
388.4
54.6
23
62.6
33.3
52.8
91.3
44.5
15.3
84.9
17.9
75.1
45.3
16.7
119.8
20.1
112
15.3
20
69.6
91.3
120.5
21.1
10.1
69.5
41.8
40.2
15.3
13.9
180.5
12.3
36.7
14.7
234.2
39
35
87.3
23.8
81.1
55.9
144
94.9
82.7
44.6
46.2
16.6
46.1
64.7
71.5
54.2
103.1
86
143.7
13.4
19.5
14.7
38.2
11.9
14.9
13.8
122.4
65.5
33.2
55.2
60.5
15.5
19.1
133.3
27.6
47.9
39.2
30.5
82.1
18.4
110.3
79.3
74
43.8
192
17.2
12.8
43.8
79.8
90.7
11.7
17
163.4
357.9
177.6
13.1
12
250.2
98.2
63.7
11
18.4
29.9
120.2
205.4
31
42.6
13.6
86.4
48.4
12.8
14.8
46.5
136.6
13.7
21.4
33
63.7
14.7
92.4
88.2
14.4
20.7
118.3
15.5
67.8
50.4
75.8
18.5
50.6
21.8
119.5
10.3
34.1
60.1
37
19
76.1
78.3
15.5
17.3
22
14
32.1
18.7
30.1
168.3
84
59.6
51
68.7
29.9
22
19.3
19
12.4
10.9
13
22.9
139.1
168.3
28.1
32.3
12.8
14.6
10.4
44.7
15.1
10.8
143.5
110.3
24.9
39.8
37.7
19.5
22.8
12.8
34.9
55.3
10.9
64.7
88.6
43.3
46.1
27.2
29
17.4
17.7
11.9
34.7
67.8
10.3
173.7
87.4
210.8
40.1
138.4
29.2
17.5
70.9
88.5
26.8
149.8
234.5
145.8
33.2
30.5
15.5
107.4
15
63.2
19.7
300.1
16.3
63.1
58.1
56.2
73
53.5
72.7
145.7
95
64.5
82.5
11
188.5
46.4
49.7
31.6
15.3
10.7
60.3
94.5
97.3
21.1
55
115.4
19.8
15.8
52.9
14.5
11.1
21.9
13.2
38.9
38
13.2
17.5
25.4
125
28.7
56.8
12.5
57.1
91.7
62.3
60
208.2
39.8
11.9
145.5
15.6
10.7
10.3
179.5
20.3
52.6
19.3
45.8
12.1
28.1
30
12
31.4
47
19.6
29
136.6
67.4
16.2
43.2
117.8
16.9
44.1
18.9
274
15.6
44.5
43
64.9
156.1
12.8
16.6
12.8
38.9
181.1
82.6
12.7
63.7
42.5
14.2
62.3
96.8
90.3
18.8
23.7
17.9
164.8
26
36.5
44.1
52.3
72.9
185.1
44.4
32.3
37.4
50.2
17.9
84
17.3
78.8
79.8
103.3
14.8
251.9
65.5
111.5
26.1
15
61.7
19
35.1
17.3
33.6
75.5
13.8
19
47.7
36.1
32.4
22.2
52.7
42.8
19.2
88.9
63.1
81.5
214.8
55.4
191.4
32
126.6
70.4
50.8
18.9
22.2
47.4
106.2
17.5
48.4
32
185.8
246.7
49.6
18.8
108.5
131.6
65.7
33
17.4
47.5
10.8
69.9
131.1
34.2
69.6
19.4
89.7
30.4
122.4
147.4
11.8
20.2
30.8
130
111.8
48.5
68.1
149.5
17
173.1
94.4
18.9
17.3
42.6
14.1
49.1
17.4
67
42.1
94.5
117.5
11.4
174.7
148.6
36.7
238.6
115.6
79.2
35.6
78
19.5
133.4
127.3
114.6
31.7
39.6
79.3
55.8
35.6
12.8
13.8
130.7
19.5
15
37.8
12.4
13.2
49.3
121
10.7
18
14.8
54.5
57
33.5
28.4
25.8
199.8
92.7
84.4
39.6
46.1
64.6
43.1
68.7
21.5
89.9
40.3
12.5
87.4
18.8
48.1
11
18.1
23.6
18
99.3
92.1
62.7
20.4
15.1
19.1
14.2
26.5
144.8
12.8
14.2
47.5
58.5
32
19.4
19.5
206.3
15.3
11.9
24.5
75.5
44.1
42.8
78.8
146.5
37.9
12.3
18.4
348.2
34.9
71
11.9
79.8
46.7
37.4
24.1
101.2
16.3
54.3
73.6
19
193.3
108.8
238.7
27.1
49.7
82
48.5
16.5
14.4
25.5
39.7
59.2
17.1
86.4
121
29.4
16.3
59.4
64.8
39.4
11.1
17.6
13.9
250.4
19.3
109.7
117.8
97.3
15.8
17.9
53.4
29.6
225
18.5
20.8
64.8
112.6
19
12.5
153.7
64
73
67.1
51.7
26.7
105.4
28.5
116
273.9
33.8
10.9
108.7
85.3
61
26.8
46.2
76.3
10.8
58.6
115.8
34.6
21.6
10.2
46.9
63.2
74.5
13.4
59.8
137.3
48.8
15.6
132.3
37.7
69.1
12.8
17.1
19
18.9
52
23.5
33.5
97.5
18.5
33
66
18.8
18.4
66.5
123.6
16.5
185.9
10.3
23.5
264
28.1
16.5
43.1
81.9
39.2
30.7
48.6
195.1
41.6
20.4
49.7
56.1
138.7
104.8
47.5
18.1
57
49.9
65.9
26.3
45.9
59.2
162
64.2
33.5
142.8
61
18.3
82.3
31.4
12.6
71.6
13.8
128.3
11.8
91.2
10.2
17.2
120.2
37.4
10.7
44.7
38
69.4
17
11.8
54.1
149.5
35.8
18
139.9
15.3
59.5
114.4
172.2
88.8
111.5
12.5
44
10.3
40.6
105.6
12.7
240
109.3
61.8
56.6
86.3
70.9
152.3
14.5
73.6
42.2
20
10.6
11.6
17.4
14.4
44.2
193.6
129.7
21
19.7
27.7
19.4
42.5
21.1
68.4
105.5
18
37.7
43.3
17.4
19.8
53.2
41.3
11.8
37.4
62.8
11.7
52.7
10.4
57.7
198.7
15.8
41.1
13.8
56.1
43.1
71.2
19.4
28.7
46.7
10.4
141.7
10.3
19.8
12.3
95.4
15.5
11.8
39.9
128.9
27
64.2
57.4
17.4
15
27
13.1
38
20.2
87.6
47.4
11
19
80
28.4
13.2
24.1
14.6
11
213.7
23.2
126.8
46.8
107.3
19.3
45
122.6
35.4
133
31.5
76
58.4
17.9
165.4
10.2
19.3
65.6
43
116.4
26.2
65.3
32.4
85.7
49.5
93.1
149.7
30.1
37
198.9
17.1
17.1
15.1
13.5
11.7
13.6
14.9
26.1
268.7
39.6
36
95.9
19.8
67.5
10.3
18.1
124.9
50.6
15.2
27.3
51.2
18.6
46
65.3
92
119.9
123.4
17.4
252.8
20.6
15.6
11.1
45.4
15.7
102.6
10.1
46.5
14
53.4
52.5
70
26.2
15.2
75
18.9
39
89.8
19.1
114.8
18.6
53.1
31.7
23.4
122.4
14.2
12.2
13.7
16
26
173.3
38.8
14.3
10.7
41.6
30.2
146.9
29.7
73.6
148.6
70.6
21.3
11.9
86.5
222.9
27.8
13
24.3
43.2
11.2
10.9
102.5
290.2
136.4
12.2
26.6
109.3
43
41.8
15
71.6
37.7
83.9
19.3
334.4
28.8
32
12.9
57.5
18.2
130.9
14.1
113.8
14.3
119.9
31.2
114.1
74.9
108.5
84.8
34
112.3
11.2
21.9
214
161.6
13.2
17.3
50.2
46.8
21.8
136.9
181.6
131
65.2
50.9
55.3
133.1
16.5
296.8
11.9
37
27.7
51.8
13.2
75
86.9
132.6
43.1
19.1
88.9
10.4
10.4
162.2
12.6
32.5
32.1
23.6
17.4
110.4
26.5
25.7
63.3
15.6
18.5
39.2
33.6
140.1
72.3
20.5
14
34
174.7
77.4
19.2
131.2
10.7
11.5
30.2
50.5
41.8
18.5
12.4
38.3
120.5
10.3
35.6
112
12.4
31.9
79
60
18.6
161.4
10.8
74.2
45.9
23.4
35.5
17.6
26.1
59.3
34
83.4
90.4
40.5
22.6
16.3
171.2
74.3
64
128
28.2
17.7
12.6
232.4
10.9
15.3
56.6
113.7
62.8
16.2
10.1
30.9
18.2
16.9
14.9
14.5
39.7
69.8
84.5
30.7
132.6
32.3
160.2
82.1
14.3
138.9
10.3
73.2
40.9
37.8
111.5
24.1
72.5
37
172.5
18.4
22
64.2
29
19.3
72.3
45.7
265.2
134.8
44.6
13.2
44.2
16.6
22
14
12.4
18.8
144.7
56.2
53.7
96.2
72.2
94.4
14.2
13.7
48
156.9
61.3
42.5
14.8
18.3
19.5
18.4
79.3
65.3
26.4
46.3
81.1
83.6
151.1
67.1
106.2
62.6
47.8
69.2
25.5
18
55.3
48.7
19.4
57.8
14.6
122.5
16.3
75.7
52.1
37.1
55.2
66.4
18.1
15.3
15.9
19.8
46
15.7
46.4
40.2
11.2
61.6
70.5
12.7
10.7
19.7
10.7
32.2
23.5
89.8
206.4
84.7
32.7
34.5
17.6
22.5
38.6
40.9
12
156.1
29.9
13.1
143.1
16.9
85
94.6
28.2
86.3
62.5
81.1
16.2
225.1
80.4
10.8
289
17.1
14.6
45.8
31.8
18.5
17.5
31.6
46.5
13.8
15.8
31.3
105.6
10.6
178.6
94.2
30
27.2
23.2
25.6
39.8
19.3
30.7
37.9
49
32.1
63
75.2
54.3
31.8
94.3
17.7
51.8
159.1
77.1
136.9
16.3
148.3
19.1
71.1
37.5
22.6
113.1
20.4
14.6
38
15.9
36.3
71.7
70.9
23.8
52.5
18.6
98.5
21.3
10.7
21.1
81.6
26.4
29.4
66.1
48
24.4
62.6
166.1
25
38.4
17.5
13.9
12.7
11.7
104.3
19.8
11.6
52
16.2
87.5
161.4
18.1
83.9
50.3
19.2
43.8
98
30.1
61.4
15.8
29.4
17.3
55
14.7
23.5
85.4
54
31.7
64.4
12.5
35.2
29.4
139
14.2
18.7
178.1
14.2
11
129.3
99.3
78.2
17.5
14.2
71.4
46.6
549.4
10.9
19.3
129.9
54.8
10.3
97
65.9
16.7
12.4
23.4
32.8
35.1
13.1
199.6
11.6
28.9
142.1
45.5
94.4
14.1
11.7
33.1
86
41.3
95.7
71.4
51.8
49.8
10.3
46.1
16.9
39.5
18.5
51.6
44.8
106.7
12.5
116
260.5
48.2
21.4
31.7
140.5
49.3
36.7
101.2
64.5
279.8
15.8
17.4
10.7
14.2
21.3
226.5
25.2
14
122.7
13.2
155.3
111.5
23.5
97.6
122.1
13.6
61.1
26.5
18.4
171.4
37.1
13.9
47.4
22.6
114.4
115.7
23.1
14.8
176.8
70.5
10.9
28.4
14.2
38.8
13.6
47.7
18
25.8
22.1
11.3
31.6
22
15.5
169.8
14.7
31.9
10.3
17
121.5
19.7
36.4
47.1
12.5
56.7
63
17.3
25.9
65.9
47.7
91.6
66.2
13.8
22.2
55
55.5
17.3
166.1
39.4
15.6
71.6
16.4
22.5
158.8
48.7
19.8
16.8
79
11.3
97.2
17.2
69.2
83.5
20.6
12
15.2
17.1
65.5
70.6
64.3
42.2
97.3
136.4
16.4
113.3
21.1
14.9
12.6
61.8
14.8
11.6
51.8
48.4
94
318.5
19.1
44.7
14.2
117.6
17.5
88.1
11.2
14.8
66.7
18.1
91.3
46.1
73.3
44.8
12.6
101.8
111.4
65.6
56.9
36.7
19.8
11.5
142.9
21.8
342.3
111.9
77.5
181.6
184.3
112.9
73.4
76.7
194.3
51.8
37.2
299.5
11.6
97.2
191.4
62.6
17.1
25.8
90.4
296.6
317.8
16.7
21
18.1
11.6
15.5
112.8
60.7
13.2
10.4
41.1
36
138.7
58.2
221.7
100.1
41.2
134.6
96
12.8
42.6
77.2
102
47.1
136.2
81.5
44.4
10.7
239.1
64.3
184.3
14
192.6
11.1
12.6
99.6
17.9
24.7
70.9
121.7
14.2
204.5
10.6
87.5
41.1
11.8
20.6
154.8
38.2
30.5
197.1
41
17.6
56.2
28.7
111.3
11.6
201.9
13.1
31.3
212.7
32.9
96.4
13.4
52.4
10.1
186.3
19.6
26.9
61.7
67.3
113.5
12.3
221.7
175.3
125.9
14.7
17.1
111.9
26.7
15.1
37.5
10.7
62.8
21.7
44
52.7
37.6
56.4
75.5
11.4
38.9
37.9
10.1
63.4
56.9
96.9
79.8
95.7
39.6
88.8
118.9
60.9
47.1
108.3
244.6
31.3
149.7
57.2
57.2
59.5
209.3
38.4
52
36.1
15.6
97.4
29.5
13.2
18.3
32.4
10.4
59.5
27.5
51.1
41.2
66.2
20
41
11.1
31.8
18.6
34.5
40.4
85.7
12.6
63.7
106.7
14.1
46.5
104.5
55.5
37.6
26.1
87.7
58.7
202.1
30.3
47.5
91.4
21.5
25.3
17.7
23.5
16.4
80.2
15.3
17.5
107.1
181.4
41.8
56.6
74.4
38.9
61.2
66.3
47.3
19.1
18.6
18.4
10.8
153.2
16.3
105
10.5
135
12.1
122.5
136
13.3
67.1
146.7
23
15.9
16.2
19.7
59.3
87.3
39.9
25.7
190
17.8
57
93.3
70.5
311.1
122.4
12.1
105.5
49.2
26.3
139.4
45.3
80.9
45.5
12.3
75.4
78.3
19.1
231
45.9
17.2
44.1
59.1
10.1
19.7
161.6
35.5
11.4
19.9
10.1
117.6
68
14.4
51
97.9
33.3
69.3
101.1
35.1
86.9
15.3
122.7
18.3
51.1
13.9
167.1
17.9
147.2
87.4
37.6
383.4
16.9
91.3
59.9
32.8
31.6
32.9
26.8
169.2
98.1
16
43.3
10.2
38.5
106.9
15.1
10.3
14.2
37.6
27.8
43.9
113.7
18.2
67.3
83.5
19.4
11.9
101.4
17.9
77.1
68.1
46
27.5
37.2
122.5
83.6
33.1
200.8
16.1
10.1
15.2
13.7
23.2
63.1
18
60.7
14.9
89.9
78.3
108.5
17.2
60.4
17.3
136.2
17.6
15.1
66.5
13.1
34.8
28.8
14.2
17.5
140.6
26.7
161.1
73.8
13.2
106.6
31.6
28.9
55.2
88.3
94
11.7
15
75.9
76.9
21
95.7
19.3
98
13.2
201.9
145
49.5
13.3
20.5
31.8
14
38.2
13.2
47.4
72.3
123
61.2
86.2
141.8
51.6
10.5
11.4
93.8
78.7
63.9
14.1
12.2
29.1
17.4
78.6
34.7
30.5
142
18.2
13.4
15.7
48.7
71
116.4
91.9
23.3
55.4
34.5
104.4
48.1
160.7
13.6
56.6
118.9
45.5
142.9
81.9
35.3
66.8
58.1
30.3
15.5
72.3
14.7
30.2
73
31.4
13.1
79
61.5
110
45
32.2
405.6
71.9
57.2
139.9
73.5
56
24.5
47.5
20.9
113.3
120
91.9
21.5
30.8
170.6
204.5
16
25.8
54.1
16
48.1
242.2
42.6
134.7
60.7
11.3
37.1
142.7
126.2
128.1
69.2
51.2
17.6
107.3
17
45.3
14.5
69.4
85
43.4
74.6
23.8
121.9
64.8
36.7
14.1
30.6
14.2
68.2
99.9
13.3
119.4
19.1
59.8
214.4
20.5
14.6
19.3
81.4
26.5
16.7
65.2
27.2
12.5
23.9
14.1
16.2
18.5
20.6
48.7
36.8
12.1
57.9
16
176.8
25.5
54.7
10.2
14.9
187.3
203
11.6
192
15.2
83.8
116.2
46.4
50.9
17.6
19.9
15.8
26
19
48.7
95.6
176.9
15.7
19.3
47.1
39.5
44.6
29.5
15.1
50.6
25.3
50.8
17.4
87.5
84.4
19.2
19.2
57.9
73.5
19.9
166
35.1
34
21
13.9
22.8
15.8
77.8
109.2
263.8
76.8
129
55.6
59.4
251.4
19.9
15.4
73.3
13
97.5
19.9
21.1
76.9
139
45.3
69.2
77.1
211.7
10.8
18.5
71.3
49.8
16.7
249.1
38.9
13.2
17.9
65
50.7
17.1
38
11.8
163.6
149.7
96.8
16.1
58.7
194.8
16.6
16.7
234.7
126.7
16.2
46.6
17.7
146.4
41.5
69.2
14.5
80.5
16.6
58.5
78.2
110.7
88.9
13.2
36.4
66.3
82.4
25
14.3
15.7
55.4
68.3
37
130.1
93.1
18.8
15
40.5
61.5
116.7
104.2
19.3
15.6
14.6
30.6
19.6
36.9
12.3
17.5
13
21.8
23.6
58
84.7
14.6
24.1
13.3
10.9
12.9
63.1
36
78
10.5
14.9
87.4
218.7
27
10.9
108.1
126.2
191.7
63.1
185.4
51.2
83.8
15.6
196.1
110.6
335.7
32.6
193.9
20.5
43
45.5
13.6
20.7
22.1
109.6
96.3
309.7
46.6
38.9
18.4
185.7
50.1
87
15.3
22.1
73.2
123
49.1
35.6
94.2
13.5
110
57
86.9
163.2
71.8
179.4
102
37.7
36.6
107.7
115.9
58.4
22.8
58.8
22.1
149.1
59.1
13.9
45.5
19.7
10.6
177.5
24.9
299.3
29.9
262.9
30.2
48.3
41.3
80.3
46.5
101.2
16.2
19.8
17.4
68.7
12.7
17.2
96.3
15.4
16.5
419.9
114.8
13.6
105.1
19.9
45.2
15.6
22.4
79.6
13.4
16.1
43
36.8
41.6
98.4
36.9
12.6
30.3
36.8
87.9
39.9
15.9
11.5
19.8
43.5
15.5
48.7
150.7
68.2
172.2
32.5
70.6
12.5
32.2
26.6
56.4
35.9
14.9
88.4
81.2
109.6
56.3
45.7
53.6
175.8
28.3
17.2
98.9
37.7
14.4
144
42.5
59.9
45.7
15.2
116.9
43.4
12.3
14.2
91.4
74.8
29.2
55.6
231.3
12.2
112.6
19.7
49.1
23.4
68.9
124.4
15.5
61
78.2
95.9
72.8
48.8
33.7
57.7
77.1
14.7
10.1
21.7
120.1
23.3
86.2
78.6
142.3
29.9
84.2
123.3
55.3
209.1
32.4
11.2
10.8
55.3
109.5
17.2
52.4
85.2
80.4
12.5
85.4
118.5
31.5
63.9
103.7
10.5
18.6
128.2
18.6
12.4
93.5
18
10.6
139.1
122.2
12.9
16.6
112.8
95.6
26.4
118.6
138.4
37.1
22.9
39.1
33.4
38.5
11.4
55.6
199.6
18.4
69.9
37.2
68.4
29.9
36.8
34.5
22.2
59.2
19.1
17.3
15.6
42.7
155.1
17.3
152.5
35.3
31.6
43.8
12.4
54.6
13.5
48.4
67.5
15.5
16.1
111.1
79
15.6
75.1
49.7
24
151.6
70.7
19.9
78.7
22.6
18.9
48.6
19.3
31.1
308.1
18.5
19.9
15.9
25
28.8
18.7
77.2
48.3
41.4
49.3
40.1
159.2
13.3
11
313.3
27.2
22.9
48.3
201.6
18.3
32.3
38
10.9
108.4
12.9
16.2
71.2
12.8
72
11.6
58.1
15.4
64.7
74.1
18.3
15.9
11.9
41.1
52.3
45
62.3
40.1
69.4
44.8
102.5
164.5
11.9
105.1
130
126
164.8
17.7
18.7
12.9
39.3
15.3
59.8
22
191.2
73.8
142
15.3
35.2
30
48.7
58.3
21.8
199.2
19.6
11.4
45.5
74.5
107.7
23.9
21.8
230.5
206.1
17.9
12.2
10.5
21.3
61
92.9
12
71.5
41.8
151.1
77
66.2
26.7
30.5
26.2
77.2
17.7
12.3
57.3
108.4
48.1
35.6
104.2
28.4
43.6
78.6
100.4
13.3
13.1
25
223.3
71
17.2
52.4
17.1
14.7
79.3
49.2
14
17.6
58
47.2
29.1
11.8
70.7
15.1
27.5
15.6
13
20.1
18.9
19.6
17.7
11.7
59
52.8
16.8
226.1
120.7
19
14.3
69.9
96.3
52.7
11.5
41.5
79.9
40.1
10.7
68
19
30.9
201
15.8
11.2
34.3
14
42.7
50
10.2
102.4
24.7
70.7
138.2
133.7
26.6
30.2
12
71.9
71.3
16.2
23.5
17.7
18.7
22.7
78.2
104.8
25.1
39.5
53.9
17.9
198.6
76
53.9
19.8
39.1
133.2
10.4
17.2
16.8
25.8
19
57.3
14.7
14.2
19.6
30.4
18.1
16.2
35.7
19.4
237.3
56.8
70.1
172.4
25.1
187.1
79.1
10.5
63.9
23.3
13.6
16
56.8
13.8
79.9
10.4
34.7
57.7
69.8
57.7
20.5
70.3
17.8
88.8
26.6
28.7
15.6
17.5
45.4
23.7
72.1
10.7
45.7
11.5
34.4
141.7
128.1
78.4
76.3
190.3
19
149.8
132.3
61.5
16.2
14
136.7
47.7
139.5
18.9
51.7
51.3
31.2
19.6
40.2
12
14.1
38.1
36.6
38.5
15.1
161.5
17.9
19.3
77.2
97.4
11.9
28.3
14
16.4
24.1
74.3
56.6
85.6
10.3
19.4
102.1
109.9
10.1
11.7
20.7
71.8
11.5
105.3
16.8
111.1
39.4
33.4
88.4
362.3
35.3
118.6
85.3
29.2
36.5
64
47.7
61.1
12.9
12.8
64.5
62.2
75.5
57.8
13.7
11.8
61.9
25.3
80.4
11.3
55.1
116.3
67.9
140.6
59
45.8
25.1
40.7
30.5
100.9
25.1
33.9
34.1
56.5
228.8
17.1
63.1
172.2
62.3
45.7
159.8
12.6
39.1
73
47.7
51.8
51.8
22.3
71.6
99.5
88.1
83.7
26.4
68.7
89.3
65.4
19.6
22.6
18.7
29.2
148.2
25
26
16.6
33.8
11.3
15.3
53.9
14.6
17.5
21.3
102.6
41.2
196.8
93.4
80.6
11.2
12.9
34.4
19.4
96.6
13.9
14.8
28.4
46.5
25.3
161.7
15.9
17.6
15.9
166.5
29
15.3
73.6
28
19.2
14.2
23.3
69.3
32.1
44.6
27.5
33.1
10.3
33.4
113.1
56
63.9
101
85.3
11.5
38.6
26.7
49.2
13.4
139.7
21.4
128.6
19
11.9
48.3
99.1
205.7
163.9
12.4
23.4
18
43.8
22.2
76.3
92.5
15.2
303.4
16.2
52.9
45.4
42.7
13.7
110.7
168.3
10.9
20.8
120.5
175.5
47
80.5
15.9
18.7
93.4
46.8
11.8
31.3
18.6
11.5
23.3
13.6
51.1
20.9
35.9
12.5
12.3
27.3
88.2
81.8
11.5
135.6
292.9
18.6
98.2
223.6
20.5
61.8
95.5
41.3
62.2
10.9
21.1
219.6
15.2
40.6
12.6
89.1
121.7
19.9
13.1
21
10.2
25.9
52.1
34
26.5
22.9
36.4
26.8
32.3
93.7
13.3
49.9
38.1
10.3
60.7
49.5
60.7
32.2
199.8
94.5
12
202
22.7
52.6
134.2
67
68.1
15.8
51.8
207.5
47.2
42.7
128.7
10.1
22.5
17.9
228.5
101.1
31.5
85.1
134.6
16.9
44.6
17.4
43.7
74.4
54.2
106.8
37.7
38
32.7
20.9
32.7
152.4
14.7
120.3
61.3
271.4
38.4
86.3
74.6
80.9
94.6
10.4
81.7
83.1
46.3
255.8
52
100
41.1
50.8
85.5
14.6
146.3
81
17.7
72
46
15.7
17.2
55
36.3
102.3
37.5
105.2
96.6
13.1
107.3
68
93.3
34.1
37.2
70.5
67.4
48.6
17.5
179.2
47.5
45.3
53.8
32.3
15.6
86
213.2
22.2
69.1
119.3
35.3
53.9
51.9
16.1
24.9
12.4
117.1
133.8
48.2
36.8
41.6
23
26.9
15.6
119.6
41.8
65.3
27.1
13.3
31.9
198.3
41.4
19.4
45
50.4
50.4
22.2
17
117.2
15.3
25.1
15.8
40.9
26.1
17.5
14.4
426.5
11.5
172.5
80.3
14
32.4
170.9
103.7
43.2
57.2
180
34
94.3
58.6
58.8
18.5
22.8
136.9
61.2
21.6
14.1
12.4
14.2
132.5
10.7
52.4
29.6
16.2
35.9
18.2
93.8
67.7
26.1
16
45.4
20.6
42.4
18.7
62.3
63.7
211.5
84.1
22.3
135.5
207
67.6
41.3
18
63.6
14.3
125.9
128.5
25.5
31.5
11.3
43.5
10.3
16.1
26.4
23.4
10.2
164.1
45
13.2
35.6
13.5
217.8
11.8
48
119.6
153.8
120.3
93.1
14.5
16.1
84.6
168.9
13.2
57.1
355.9
13.9
15.5
13.6
10.5
206.7
17.3
54.2
140.2
131.4
205.1
90.8
50.7
37.4
22.4
42.7
83.8
13.7
81
17.5
79.4
466.2
71.2
104.1
36.1
34.3
13.4
11.4
16.1
17.1
53.9
12.9
43.9
15.6
82.2
38.9
16.7
12.4
30.3
10.1
89.1
77.5
59.2
15.1
31.5
102.2
65.3
12.5
103.9
33.7
32.8
24.8
10.5
89.6
47.1
12.3
28
85.2
121.4
236.5
12.2
43.4
41.3
17.5
25.5
21.9
10.3
15.8
23.1
18.7
25
12.2
100.8
99.9
54.2
17.3
37.2
65.8
53.7
19
80.4
108.4
167.3
45.2
77.1
236.8
10.2
53.8
45.7
10.1
124.9
34.8
41.7
109.5
19.4
33.2
33.7
86.4
15.4
162.3
41.3
56.5
113.8
126
63.8
105.1
36.5
36.3
49.6
18.3
11.5
81.4
34.4
11.1
73.1
16.2
25.2
102.7
16.1
32.1
95.6
90
16.4
84.4
80
30.2
86.1
110.5
12.2
17.4
28.8
32.3
12.5
85.7
64.7
51
131.5
113.2
125
34.6
82.5
40.3
13.8
115
21.8
35.6
77.9
184
10.6
65.6
85.6
88.1
234.3
18.2
40.6
20.1
89
19.8
18.6
40.4
37.8
35.4
10.7
38.2
59.6
30.5
24.7
45.3
13.3
25.1
54.4
103.5
17.6
129.7
77.3
17.2
12.3
43.5
51.9
45.9
49.7
11.5
29.2
48.1
109.2
35.5
16
30.6
72.3
71
125.8
87.3
55.8
155.5
14.9
46.7
92.6
25.7
18.8
88.3
60.2
10.9
35.4
16.5
43.9
56.9
40.9
20.7
27.4
39.8
32.4
96.3
51.1
44.5
11.6
32.4
16.8
47.5
10.8
41.4
100.2
19.7
104.1
24.3
27.5
19.4
73.9
52.7
22.2
50.9
67.1
15.6
16
49.2
23.4
25
13
40.5
83.4
34.7
55.5
43.1
226.1
14.3
20.8
204.5
48.2
92.8
35.3
57.9
34
296.8
55.1
91.1
18.3
17.3
234.6
36.7
83.3
15
48.7
11.9
55.2
11.9
102.5
11.4
13.9
94.3
17.8
214.4
14.2
120.8
16.3
62.1
48.8
82.7
68
18.4
70.5
113.6
40.4
17
59.9
20.8
88.1
77.3
18.5
21.2
17.2
17.3
13.1
10.7
53.6
31.3
161.1
149.4
11.4
11.7
10.1
19.5
25.7
19.2
23.5
19.4
41.1
103.9
14
149
30.4
40.1
236.8
48.6
102.5
30.5
188.3
114
14.9
19.3
13.1
25.4
137.2
16.5
37.8
128.3
12.1
62.3
26.7
109.7
36.1
46.1
21.3
40.4
18.9
79.5
84.8
17.3
147.3
124.5
183.2
76.6
101.5
111.8
89.6
59.2
203.9
35.2
103.3
17.7
13.4
15.8
56.7
240.5
156.1
119.2
51.6
76.6
93.4
33.2
32.7
62.6
156.9
44.1
116.5
19.8
166.5
18.7
149.1
125.2
141.1
43.7
19
71.8
10.5
68.1
20.2
47.6
31.6
19
80.1
49.7
51.7
12.7
33.3
12.5
15.5
138
17.1
14.3
53.6
31.4
38.8
200.1
96.2
11.8
17.8
232.3
31.6
25.4
67.5
98.8
39.5
27.4
62.1
133.9
79
39.3
45
50.2
54.4
58
20.1
67.8
22.3
92.8
19.9
15.1
20.9
10.1
15.3
208.5
37.1
31
75
10.6
16.7
16.2
36.4
75.9
32.7
11.9
17.3
47
17.8
152.6
19.7
118.1
39.2
125.6
26.7
72.4
151
34.2
17.7
197.7
197.9
13.4
21.4
55.3
14.6
23.3
64.9
317.8
234.1
26.7
10
30
27.8
17.7
22.7
19.1
12.3
38.8
11.3
296.2
77.9
50.4
179.8
68.3
33.3
60.1
36.4
78.9
75.5
41.9
234.4
159.7
35.5
61
161.8
17.8
182.9
348.4
81.7
15.3
32.3
27.2
59.3
51.3
18
12.2
15.2
10.8
43.8
59.4
21.5
22.1
69.1
54.6
11
177.2
36
65.1
23.8
13.9
20.9
19.7
67.3
17.6
134.2
17.7
186.7
102.5
91.8
61.4
27.5
18.6
87.4
62.7
103.4
29.4
160.7
12.5
90.8
17.9
25.7
14.2
107.7
166.5
101.2
12.1
31.2
85.9
19.5
11.2
22.4
34.2
137.4
14.6
17.1
14.8
57.6
19.8
38.2
11.4
124.6
61
10.7
15.9
75.2
52.5
15.8
19.2
27
123.7
67
19.8
13.3
10
20.7
50.7
30.4
28.4
62.1
83.8
93.3
126.9
50.5
41.2
79.6
28.1
17
27
10.1
32.1
154.9
21.6
232.1
16.8
75
83.4
63
67.9
12.3
35
40.1
60.2
64.8
22.5
174.6
20.1
43.8
12.2
10.9
19.5
104.1
13.9
28.8
52.8
16.5
16.4
206.3
47.5
19.1
49.8
15.5
35.9
14.4
43.2
21.2
55.3
18.1
227.2
65.8
52.7
108.8
124.9
13
31.4
52.3
13.6
66.2
33.6
71.2
441.2
21.5
23.7
56.3
24.2
57
56.2
75.7
18.7
71.2
38.1
146.1
19.5
88
195.5
376.8
88.2
41.6
85.2
34.9
49
49.2
16.3
11.8
22.4
22.4
43.6
26.2
26.6
64.5
50.5
23.6
42.4
35.1
64.1
17.5
81.2
131.4
49.1
15
192.1
378.8
32
88.5
17.2
154.8
19.7
18.3
35.8
72.2
61.4
36.8
69.4
106.8
19.5
11.2
18.1
60.3
67.8
215.5
16.2
30.9
40
16.4
39.5
69.3
86.8
51.7
239.1
21.5
12.9
62.8
35.8
124.7
12.6
10.5
70
11.6
121.4
14
13.3
37.6
14.8
46.4
13.2
68.5
97.1
10
386.7
144.6
10.2
41.7
19.8
53.3
55.1
54.3
179.2
50.9
11.1
369.9
16.4
64.2
30.4
82
63.3
22.2
30.3
215.8
64.6
56.7
56.4
22.3
153.2
101.8
86.7
59.1
115.8
11.3
20.1
52.5
48.1
105.9
226
16.8
32.5
17.4
233.3
133.4
13.1
16.6
18.8
39.1
16.6
37.8
14.5
41.1
16.4
15.1
161.3
17.1
68.1
34.6
42.6
110.6
95.9
15.7
23.2
17
106.1
35.6
176.5
15.3
80.9
13
40.6
10.4
104.1
14.8
22.4
167.3
91.2
76.3
27.6
54.6
14.8
172
100.1
119.8
61.4
39.9
38.3
168.8
32.8
35.7
24.5
45.3
19.1
58.9
15.9
40.8
14.6
20.2
19.7
56.3
18.5
10.7
107.4
42.2
20.9
87.1
182.7
126.9
45.8
24.7
63.7
40.2
149.7
313.3
42.7
60.6
14.5
166.1
17.2
13.7
51.3
95.4
41.7
34.6
13.1
30
128.8
13.4
86.2
47.1
156.1
18.3
13.6
79
65.4
10.3
89.8
71.9
125.8
12.9
46.9
22
14.2
122.5
55.1
16
86.4
34.2
39.8
25.9
122.6
18.9
112.7
108.3
14.2
183
16.3
26.9
47.6
11.5
82.7
175.9
63.6
31.7
57.5
18.9
13.2
180.6
16.2
51.6
75.1
67.2
10.9
34.6
10.2
12.4
13.6
297
11.3
72.5
59.3
37.8
25.3
161.5
192.4
18.2
74.8
91.2
64.5
102.1
30.1
70.7
196.2
142.6
29.6
14.8
69.1
16.1
33.8
133.7
62.6
22.5
78.4
36.8
11.2
10.1
129.4
117.5
50
19.8
37.5
74.8
10.2
238
14.3
19
61.3
33.2
93
239.1
16.6
41.8
38.7
11.9
71.2
48.3
12.4
48.1
133.6
12.8
63.9
35.7
11
11.1
105.3
10.5
281
71.9
57.4
94.3
184
108.3
45.1
50.6
117.8
43.9
103.5
14.3
63.2
72.2
18.4
144.6
56.1
56.1
80.7
10.8
90.2
75.4
16.6
17.5
60.1
14.1
191
23.2
24.3
10.3
48.1
15.9
15.7
75
109.8
121.3
45.6
15.4
28.6
13.9
16.8
70.4
93.1
21.5
84.9
17.9
83.9
19.4
96.1
91.1
11.7
66.5
46.5
155.9
135
115.6
15
57.3
183.7
19.8
60.6
93.2
16
108.6
10.7
65.3
15.5
70
10.3
10.1
11.7
28.1
179.3
12.8
45.6
12.9
80.9
13.6
43.7
16.9
17.4
18
13.6
71.8
106.6
31.7
58.7
70.6
10
244.8
63.5
12.3
211.4
16.8
19.3
68.6
37.7
58.8
88.8
35.5
11.7
129.4
14.8
65.3
45.7
14.5
11.2
34.1
30.7
15
36.1
83.9
17.6
12.1
35.7
218.6
11.3
17.5
13.7
28.9
47.9
28.6
37.9
202
28.6
122.9
49.8
30.5
16.2
18.4
15.1
140.7
37.5
100.4
176.2
40.4
24.2
15.8
52.1
71.2
48.1
202.5
16.3
143
61.4
203.4
75.8
93.4
237.8
66.9
176.8
41.5
80.2
10.2
12.9
58.9
178.3
14.8
14.9
15.5
18.2
10
59.5
30.6
32.1
12.2
170.9
16.3
34.1
164.5
224.6
18.4
11.8
70.9
59.2
51.2
92.6
160.7
18.2
12.6
17.2
34
13.2
36.3
170.3
217.5
10.5
18.6
84.3
38.4
48.1
11
35.3
18.6
16.4
117.6
159.6
168.3
156.3
47.9
72
46.3
23.1
17.1
65.5
36.3
121.5
16.5
149
315.9
27.5
11.8
23.9
34.6
113.3
39
19.7
28.9
39.3
13
146
11.8
29.3
30.1
30
193.4
55.9
90.1
33.2
77.4
85.6
84.2
84.4
26.9
19.2
16
24.5
59.3
19.3
19.9
63.7
42.8
14.9
16.5
13.8
34.9
15.7
60.7
17.7
19.4
53.6
14.2
45.4
14.2
56.1
116.8
17.8
218.9
12.5
16.1
110.8
138
36
34.2
344
65.9
25.6
56.7
145.1
98.9
180.8
76.2
140.6
22.2
130.6
112.1
16.8
134.3
16.2
103.3
28.3
61.6
70.1
15.4
83.6
15
132.8
201.4
136.9
207.5
10
128.7
59.4
42.8
19.3
19.7
49.7
67.7
16.8
20
20
91.7
59.8
19.1
101.9
63.8
24.1
12.6
25.2
180.5
84.3
82.9
14.4
34
44.5
14.3
77.1
26.6
46.6
35.7
19.2
12.8
56
190.4
84.1
23.1
17.4
19.2
30.2
49.9
43.9
94
27.1
48
73.5
13.6
104.4
19.5
31.3
12.6
24.3
37.8
17.7
218.1
68
47
16.1
60.6
56.7
17.8
43.2
29.2
13.5
25.3
191.9
18.6
72
91.8
94.1
11.8
11.6
36.6
18.2
144.3
14.9
22.4
13.3
36.1
57.3
25.6
116.4
82.5
72.4
11.1
38.6
117.4
54.5
106.4
25.3
26.3
54.8
23.3
31
11
22.7
52.1
60.2
13.5
37.3
14.6
81.8
35.1
25.8
34
169.6
39
26.4
37.3
86.2
61
19.9
41.2
22.6
16.9
36.6
113.8
21.9
57.5
48.5
16.4
89.3
115.1
129.3
22
34.9
43
30.1
42.8
220.2
77.8
49.1
12.9
67.6
30.2
19.5
44.7
32.6
33.4
10.8
57
74.1
17.7
62.5
100.7
21.7
12.3
17.9
177.7
87.9
19.8
140.6
16.9
108.9
112.4
67.4
11.3
41.9
39
139.6
12.9
12.5
30
11.4
19.3
34.2
51.5
46.7
76.4
192.4
84.7
37.6
50.8
260.9
18.2
54.7
106.5
16.6
13.6
77.8
225.2
12.5
73.2
84.7
50
15.8
18.3
14
14.5
16.7
35
72.8
19
29.7
23.4
28.9
12.4
10.7
43
20.8
194.9
13.3
47.5
17.6
25.7
11.1
186.7
84.7
46.3
33.8
31.6
107.3
22
32
52.3
10.4
19.7
13.1
49.3
75.7
27.5
30.1
17.4
171.6
22.5
52.7
14.6
74.8
21.7
44
48.3
146.2
18.5
11.8
196.2
44.5
10.4
39.8
187.1
19.3
28.8
14.7
138.5
42
11.6
25.8
33.5
20.1
37.3
86.6
16.6
38.2
59.8
11.8
44.5
11.1
19.1
64.9
25.9
53.2
84.5
16.9
128.6
68.2
15.2
23.3
15.6
21.3
32.1
98.9
14.4
12.6
17.6
17.3
40.3
23.6
140.6
33.9
52.5
11.5
15.9
18.1
88.2
81.3
59.9
130
12.8
53.2
40
30.9
53.1
16.5
90.3
53
42
62.1
56
35.8
66
56.1
81.4
61
10.6
10.1
42.1
171.4
51.6
30.3
33.9
29.9
15.4
29.4
48
94.3
67.1
103.8
25
54.2
26.5
55.3
69.3
39.3
27.2
115.6
36.3
16.6
18
58.1
37.5
88.1
67.1
41.9
210.4
18.4
170.3
108
169.6
11.2
19.2
24.3
95.3
16.5
26
24.4
23.7
11.4
461.4
11.4
161.4
12
40.2
17.8
43
36.9
70.5
228.8
51
38.4
98.7
12.4
26.5
128.1
75.6
13.2
17.3
14.1
183
60.2
99.4
15.8
77.4
18.6
130.9
49.8
93.8
50.4
111.3
246.3
332.8
62.9
91.1
46.4
92.7
10.8
13.4
94.7
11
16.5
59
46.2
62
68.2
171.7
88.3
25.5
23.4
31.5
123
21.4
81.3
105.1
16.4
38.1
110.3
21.1
171
13.6
50.5
40.2
17.3
10.5
13.9
38.7
18.6
159.6
54
33.7
105.6
186.7
29.1
99.5
18.6
16.1
14.8
105.2
103.1
12.7
32.8
20.7
58.2
51.4
89.2
10
51.3
15.4
15.1
23.2
43.5
14.4
51.8
54.9
16.6
35.5
54.3
95.9
34.7
149.5
10.9
25.4
95.7
97.8
41.4
11.5
87.5
21.4
66.1
51.9
96.7
185.2
36.7
30
12
72.2
55.9
30.4
67.5
113.7
15.5
198.4
77.8
72.4
55.5
37.9
52.1
102.2
59.9
79.7
82.5
15.4
43.4
45.8
105.7
13.1
59.2
117.9
21.4
16.7
67.9
75.7
123.9
32.4
49
48.8
34.5
152.4
29.3
60.4
118.4
60.6
58.6
151.6
19.7
17.1
32.6
24.7
80.7
69.7
48.1
39.2
234.2
15.9
61.1
13
168.2
52.6
38.5
59.8
17.6
77.1
63.1
74.1
53
35.6
121.1
104.5
111.4
98.5
44.2
29.2
25
132.9
47.8
54.9
40
66.4
49.5
30.9
75.2
73.8
84.5
33.2
69.3
158.3
11.7
27.8
12.2
139.7
17.7
25.4
10.8
28.9
85.6
248
132.2
268.6
46.3
34.9
126
18.6
70.2
57.9
14.9
59.3
15.6
17.6
55.4
88.2
25
101.3
135.5
56.1
64.5
11.3
15.2
145
12.1
37.5
145.3
13.8
71.9
73.7
72.9
67.3
173.8
141.9
17.1
13
83.2
116.3
99.7
44.8
107.5
87.7
40
36.4
221.4
19.4
40.6
11.6
103.1
67.8
13.7
13.2
71.1
42.8
10.3
68.8
248.5
78.8
18.2
70.6
13.9
19
70.6
135.9
139.2
100.7
221.1
76.9
70.2
76.2
48.8
10
10.4
74.3
12.2
47.5
37.4
54.1
20.5
24.3
110.7
13.2
27.5
26.3
22.4
36.4
162.4
15.2
10.9
11.9
64.8
11.8
16.3
82.3
15.5
10.5
16.8
308.7
53.5
13.3
49.8
132.5
66.7
11.7
18.8
90.9
58.9
64.8
24.5
21
18.9
45.2
10.6
164.2
29.7
13.3
212
14.1
10.1
105
53.1
64.8
52.5
113.1
16
26.7
235.1
31.7
92.6
66.1
38.4
75.7
53.9
32.8
25.7
26.9
41.9
86.5
167.3
18.7
123.3
20.9
114.1
125.2
67.5
21.2
14.9
23.4
19.6
12
199.8
18.3
28
30.5
29.5
46.1
109.4
40.9
55.6
33.3
182.3
12.7
43.2
57.2
11.1
51.7
32.8
73.3
18.9
140.2
43.6
123.5
125.5
14.8
53.4
22
318.4
13.6
85.7
20.8
24.9
256.9
15.8
15.2
143
36.3
23.7
12.9
62.6
28.9
25.9
99
26.6
17
10.2
21.5
15
104.6
27.5
163.2
72.4
131.2
101.2
27.9
65.8
30
12.6
53.3
111.9
15
12.1
10.4
13.8
33.9
114
221.3
110
41.3
46.2
137.4
25.7
182.3
78.1
276.5
46.9
28.8
55.3
17.9
13.3
105.7
21.6
16.4
24.5
120.2
11.2
72.1
15.2
115.4
39.3
23.2
141.4
12.2
36.6
12.9
104.8
47.7
42.4
32.3
16
63.3
13.7
14
19.7
106.1
30.7
14.9
97.1
40.9
30.3
13.5
14.9
36.8
256.1
10
218.6
34.2
97
42.1
37.1
24.2
35.9
152.2
54.4
19.7
16.6
83.5
12.5
48.5
45.1
26.4
112.4
40.9
98
64.1
21.4
26.5
11.1
53.4
13.4
53
108.8
24.1
127.2
93.6
98.2
45
67.1
62.7
108.6
11
68.3
18.4
14.8
60.8
18
72.2
11.4
19
71.1
125.5
129.4
14
48
13.5
54.3
43.2
90.8
50.8
208.3
11.5
48.9
57.2
88.6
99.6
25.7
16.6
100
48.2
90.6
11.2
19.8
11.6
17.6
93.4
12.6
48.6
34.3
44.4
41.6
17.8
157.1
19.2
12
18.4
156.5
99.2
19
57.6
56.8
14.7
127.7
17.1
38.9
39.8
35
20.8
189.4
122
67.7
80.4
129.3
40.1
12.3
152.5
65.5
84.2
23.1
51.7
18.8
17.4
16.2
21.3
37.4
11.9
65.2
39.8
175.7
71.5
11.4
29.8
13.6
78.9
18.7
111.1
22.8
13.9
38.9
63.6
13
90.2
76.9
157.4
113.5
39.5
129.8
65
80.7
73
54.9
35
17.3
37.7
21
14.1
149.2
11.7
15.7
29.4
116.8
17
77.9
107.2
37.3
19.1
15.4
14.1
13.2
19.9
137.7
114.8
250.6
75.4
144.9
19.9
98.2
119.4
43.3
93.2
18.9
132.4
49.8
73.8
15.1
75.5
19.7
21.1
137.8
151.8
31.1
32.2
11.7
127.9
61.5
43.6
108.9
68.7
16.2
50.2
10.9
44.6
17.5
152
19.1
88.4
108.4
21.8
19.8
178.1
41.2
32.1
70.9
18.2
12.5
88.1
58.3
40.5
62.5
102.2
13.2
21.6
27
39.3
67.4
22.4
11.9
55
19.2
44.2
16.1
244.2
32.2
142.4
161.8
210.9
146.4
16.3
81.7
101.7
46.1
42
20.9
16.1
233.9
38.6
241.7
112.3
16.9
16.5
13
45.5
11.2
101.8
146.5
104
30.9
19.7
12.7
101.9
16.4
13
119.9
23.6
107.4
205.3
46.1
12.5
73.6
55.9
43.6
226.2
137.3
85.6
17.7
43.7
53.1
133.7
40.9
260.7
15.3
26.8
233.5
32.4
37.5
22.5
42.3
10.8
65.1
52.9
78.1
38.7
75.1
14.6
13.3
22.8
35.9
23.9
43.7
112
184.2
52.3
67.5
17.8
32.8
30
58.6
17.8
44.3
50.7
107.4
13.8
21.3
13.9
37.9
45.2
15.3
108.9
16.6
164.2
12.3
20.5
12.3
37.8
13.6
70.4
115.7
40.6
15.1
51.3
112.5
20.6
15.3
14.3
29.2
38.2
49.9
45.5
46.2
37.1
20.1
19.9
28.4
88.6
32
15.4
174.3
10.7
48.8
62.1
111.8
102.6
26
26.4
90.8
18.2
74.4
111.9
39.9
15.2
120.1
16.7
131.4
176.5
48.2
10.6
35.7
85.2
13.6
86.1
11.4
48.7
135.3
40.3
63.4
64.5
33
17.5
14.1
13.9
56.5
13.2
71.1
14.9
77.2
25.9
70.4
137
89.2
81.6
20.9
72.4
119.9
99.9
30.2
22.5
109.4
11.6
22.3
52.4
124.2
17.8
256.3
278.8
133.2
27.4
24.1
15.3
175.8
156.8
37.4
252.2
213.8
19.6
98.5
10.9
44.3
20.2
28.4
10.5
34.3
10.8
85.6
189.5
38.1
76.7
43.5
226.9
32.9
57.5
13.6
80.3
19.7
16.1
16.1
147.8
23.7
92.9
14.6
15.2
26.7
18.8
21.7
19.3
28.1
26.6
107.6
30.9
29.1
59
24.8
90.8
17.8
51.1
43.6
107.3
71.9
27.7
92.5
52.9
99
14.2
31.3
25.5
93.4
58.9
38.1
15.2
87.6
24.2
17.8
16.6
101.5
30.4
73
278.3
53
138.8
14.8
162.6
14.3
21.1
210.1
10.8
22.4
10.7
24.3
11.3
24.2
16.3
18.7
132.9
43.1
119.3
79.5
116.2
12.9
17.6
19.8
97.2
21.7
19.5
46.5
49.2
15.8
29.6
12.9
12.9
29.2
12.7
37
36.9
11.3
64.9
47
13
13
98
17.5
11.2
149.5
13.6
123.9
71.4
14.6
72.2
13
13
45.7
31.7
19.1
250.1
44.9
56.1
21.5
19.3
19.8
18.6
15.3
150.7
48.9
17.4
51.1
12.1
70.9
48.3
16.9
105.2
10.9
16
148.3
10.9
86.2
167.4
74.9
139.8
12
13.1
275.1
11.5
19
100.5
32.1
15.8
49.1
11.1
142.3
81.3
31.9
10.6
216.9
20.6
147.1
14.1
59.8
56.9
39.9
17.3
18.6
121.8
29.1
22.2
153.6
59
185.3
42.3
84.4
38.6
187.1
33.4
111.4
14.8
51.5
15.1
27.5
12
12.1
129.7
120.9
21
109.2
46.3
17.8
152.8
19
93.2
40.5
55.9
42.5
39.2
10.4
18.2
36.3
35.6
37.7
30.6
23.7
14.6
40
37.6
33
51
47.6
30.2
73.5
32.2
19.7
130.5
15.5
22.4
107.8
15.7
45.5
83.5
123.6
62.5
38.1
15
63.3
24.7
363.2
34
11.2
67.4
125.7
13.9
11.7
21.5
41
79.8
93.2
10.5
12.5
32.4
66.3
62.3
60.9
39.8
94.2
32.2
29.1
16
55
16.8
16.6
39.4
19.6
29.7
27.5
26.3
17.8
22.2
34.2
81.6
138.5
27
102.4
242.8
13.8
249.8
108.4
50.6
162.2
20.9
30.8
16.3
32.4
29.7
83.1
31.1
16.2
48.8
17.2
77.7
16.6
10.5
37.6
43.8
93.4
19.3
105.7
17.4
15.2
26.3
54.3
42.2
239.6
19.6
212.7
122.2
85.3
149.3
39.9
53.3
51.1
57.4
19.8
181.9
61.5
28
69.6
80.6
21.2
67.7
185.2
32.4
31.2
134.8
39.9
55.8
148.1
224.4
80.4
12.7
47.3
60.3
42.1
18.5
152.5
33.8
44.5
68.3
52.7
31.7
26.3
86.6
88.5
24.8
150.9
43.8
108.2
65.8
26.8
43
70
76
18
14.7
78.3
89.8
24.9
35
11.1
12.6
10.3
12.2
75.6
61
36.3
11.1
18.7
13.8
14
153.8
75.2
54.9
17.4
11.4
207.4
137.2
27.6
47.8
18.5
67.9
175.5
13.3
11.2
13.9
25.2
21.1
33.5
17
106.4
67.5
238.5
49.6
44.9
12.4
21
12.4
10.4
14.1
147.8
11.6
17
96.8
23.6
35.3
13.3
15.5
291.3
100.1
11.7
384.3
21
19
128
76.3
87.5
16.2
116.2
30.9
10.1
10.8
45
146.3
15.5
117.6
17.7
96.3
58.2
32.1
225.9
82.9
36
11.9
29.7
16.1
78
79.7
100.2
15.1
14.2
67.7
11.9
10.3
82.4
16.7
126.3
37.3
24.2
40
32.3
31.5
14.5
34.3
88.2
72.7
10.3
22.2
18.3
28.6
68.6
97.8
36.6
10.1
105.2
165
141.9
108.7
29
15.9
157.7
91.3
98.4
11.4
59.1
156.4
46.5
199
143.5
18.1
244.3
14.9
21.2
12.2
33
11.4
64.3
49.4
93.3
28.2
17
59.8
16.5
10.3
99.8
84.7
10.8
12.8
50.1
160.6
130.5
185.5
19.3
62.4
15.1
12.8
72.1
23.7
27.4
33.5
14.1
30.2
126.4
18.4
20.2
70.8
235.1
103.7
13.9
183.8
138.2
55.1
11.6
37.6
19.1
54.1
63.5
21.2
116.6
15.1
67.1
45.8
225
54.4
26.3
42.2
73
18
250
206
49.5
47.7
20.1
56.5
15.4
12.4
68.5
43.7
92.4
106.5
55.8
20.1
11.4
56
23.5
314.5
73
52.3
124.7
24.1
18
156.5
12.4
28.6
44.4
18.4
34.3
10.3
12.8
23.3
15.1
98.3
16.9
71
142.1
16.5
46.3
44.2
22.1
24.4
13.4
36.9
71.6
161.7
108.8
15.9
49.7
45.7
25.4
141.7
58.4
12
35.6
12.3
237.2
134.2
48.5
38.5
47.4
77
31.7
58.7
12.6
11.3
56
49.7
17
42.3
15.6
21.2
40.9
66.5
17.2
98.4
41.2
14.5
43.8
105
154.4
55.4
16.9
66.9
23.2
11.1
27.4
55.3
25.1
14
15.7
30.1
39.9
15.6
28.5
16.5
65.4
216.2
24
12.5
12.7
163.7
35.7
42
16.2
86.5
34.9
93.8
166.8
31.2
15.8
66.2
34.5
157.6
15.9
24.2
62.5
27
21.4
28
39.9
10.4
111.3
38.6
101.6
10.9
140.1
131.9
36
16.3
11.2
150.4
75.8
160
17.2
122.6
38.1
47.8
65.8
11
73.7
80.1
28
48
11.2
33.2
88.8
62.6
48.7
55
49.1
17.7
20.1
19.9
109.8
18.6
120.3
45.1
24.2
14.4
27.1
53.9
64.5
34.7
44.9
41.6
334.1
71.5
42.2
66.1
47.4
42.4
19.4
29.6
81.1
39.6
12.5
15.9
243
77
18.3
74.9
26.3
53.6
18.2
104.2
95.9
55.5
77.4
12.9
31.2
27.6
15.7
11.7
270.7
87.4
75.2
17
15.2
121.8
54.3
37.4
263.9
15.4
119.9
41
44.2
48.3
51.9
67.1
54.4
262.2
16.7
19
89.6
21.9
146.4
77.9
34.9
211.8
18.1
26.6
17.8
80
135.4
73.8
202.4
16.7
61.7
64.5
96.5
110.6
63.4
261.9
11.4
47.9
37.6
19.5
20.6
160.8
36
20.7
11.4
12.2
16.9
84.2
99.9
134.2
14.3
61.5
59.7
17.7
15.9
25.1
30.6
89
15.2
12.4
13.5
44.9
172.9
44.5
24.6
63.8
16.9
229.2
107.6
47.9
110.4
28.2
10.8
115.8
154.7
102
19.1
30.7
19.8
147.3
24.5
33.8
44
151
27.9
91.7
56
31.8
83.3
11
15.7
53.5
26.5
58.8
42
43.6
85.2
157.9
137
133.6
83.8
17.5
42.8
12.2
12.5
63.1
18.3
13.2
12.1
13.5
59.1
31
17.6
51.2
78.4
56.1
98.2
43.9
218.8
92.6
56.6
14.1
29.1
11.4
57.2
117.9
40.6
146.4
12.1
112.7
39.8
132.5
16.7
202.1
86.9
43
18
76.8
14.5
50.5
55.3
124.7
106.5
38.6
99.1
49
64.5
38.3
14.9
74
16.5
61.3
66.9
57.4
11.6
88
14.4
128.2
24.1
33.6
10.4
12.8
112.4
105.4
140.3
61.3
64.5
18.7
30.6
47.3
25.8
20.4
176.8
165.6
71.3
105.6
203.5
13
94.4
216.1
12.3
49.8
68.6
16.6
11.4
35.1
154.7
52.9
11
66.8
74.4
17.4
32.4
22
38
18.8
39.3
44.7
11.1
21.1
30.6
68.2
75.7
137.4
62.3
59.1
21.5
57.3
11.4
121
18.4
18.5
101.5
18.2
11.5
17.1
18
29.4
11.9
11.7
19.4
46.8
53.6
10.4
146.5
18.1
27
38.8
120
103.7
32
31.5
12.8
85.3
43.3
10.3
175.3
67.7
254.6
35.6
21.6
47.4
11.8
15.2
19.3
18
93.1
17.3
113.3
28
20.5
69.1
35.4
18.5
13.1
88.3
10.8
19.7
13
32.8
15.1
49.2
14.3
27.2
60.2
41.1
187.9
11.3
73.8
18.9
25.5
28.9
12.3
90.7
218
32.1
17.7
64.5
43.3
68
36
31
68.1
28.7
11.5
30.3
10.8
16.1
18.1
37.3
48.3
88.9
20.5
54.9
44.3
124.6
127
69.1
18.4
61.3
36.6
28.7
18.6
163.1
23.7
69.9
13.5
17.5
81.1
115.8
16.7
133.2
51.7
49.2
12.6
17.8
35.8
60.9
92.3
192.6
49.3
79.4
35.2
144
98.1
59.7
16
55.4
120.7
13
69.5
29.9
25.3
17.9
125.6
14.3
11.9
234.3
39.9
21.2
121.4
13.1
14.4
60.7
18.6
10.4
100.2
17.7
200.2
39
47.5
98.5
43.9
13.6
91.7
140.4
14.9
11.3
309
11.6
15
216.9
39.9
108.6
11
29.7
51.9
13.5
39.5
153.7
112.5
61.4
137.8
117.8
69.7
86.8
168
203.9
50.8
94.2
32.7
120.1
51.9
46.2
15.6
68.7
10.3
46.2
69.7
48.8
14
10.2
29
12.7
166.2
81
26.6
48.5
13.1
14.2
11.6
28.9
15.4
45.4
16.9
117.2
11.2
14.8
31.9
85.9
41.7
86.6
24.5
14.9
34
41.6
16.2
51.3
64.6
21.3
28.1
215.6
14.2
14.6
13.3
42.5
23.7
15.3
10.3
22.1
14.2
32.5
37.9
94.9
15.7
13.5
36.3
11.9
117.3
22.4
139.2
93.4
62.6
117.4
114.6
75.4
154.7
41.1
109.3
116.3
147.9
27.7
10.4
31.1
42.4
30.6
77.7
48.8
205.1
12
98.7
65.5
18.6
56.1
29.4
11.6
255.6
359.5
15.1
12.1
95.7
12.4
10.2
43.7
15.1
16.5
85.2
76.7
18.6
91.1
63.3
15
13.1
61.9
52.2
70.8
17.2
51.2
37.1
35.5
11.6
207.3
19.2
242.5
68.5
10.9
15.8
17.3
18.1
111.5
28.1
27
11.8
26.1
71.5
41.2
122.6
76.1
39.8
26.4
31.3
14.2
24.1
27.5
72.6
75.1
18.8
40.5
85.9
250.7
69.5
43.5
20.7
38.1
10.1
155.5
12.7
22.1
25.3
90.4
98.4
96.7
130.1
25.2
16.8
33
28.2
26.3
17.9
10
16.6
14.1
27.1
42.1
31.4
34.8
13.2
126.2
26
20.2
20.7
187.8
15.8
12.2
66.3
24.2
11.3
42
91.4
61.1
203.4
155.9
72.4
86
121.1
17.9
36.5
205.2
97.8
94.9
171.1
12.1
22.8
13.1
127.1
76.4
23.1
52.3
85.3
18.6
18.5
29.2
111.9
91.9
21.8
167.8
68.3
45.6
39.4
13.5
77.3
54.7
14.6
124.4
10
24
50.8
66.8
124.5
40.3
19.6
55.2
36.5
13.3
39.2
49.7
16.5
90.4
29
64.6
12.1
12.1
51.9
166.4
13.2
75.5
43.6
26.4
73.6
18.9
22.6
15.9
46.9
15.8
17.5
45.5
29.5
97.9
30.2
98.1
86
38.3
182.3
61.1
100.6
70.8
52.7
134.3
34
13.5
100.7
17.6
50.3
33.6
11.1
141.1
129.3
180.8
121.5
15.9
10.1
162.7
14.6
12
12.2
12
50.4
29.1
16.4
13.4
123
10.1
20.9
24.4
10.7
112.4
11.2
87
18.5
15.3
48.7
195.1
74.5
225.9
54.8
291.7
32.4
15.7
14.4
59.2
80.9
121.3
33.6
17.8
192.3
85.6
17.1
179.4
28.6
40.4
116.4
15
66.8
11.6
31.2
36
17.2
16.6
70.8
119.4
93
26.9
32
39.3
14.8
106.8
120.5
66
93.2
17.4
17.6
118.2
150.7
40.9
218.4
59.8
101.2
14.8
43.2
29.6
15.8
40.2
146
19.9
57.4
10.6
97.3
10.3
44.4
151.2
52
60.5
14.7
20.9
14.2
62.8
90.5
122.2
57.8
272.9
18.5
34
110.5
72
49.8
118.2
15.3
38.4
18.5
170
33
14.4
72.8
54.6
11.9
41.7
64.4
15.7
186
77.9
43.2
13.6
12.4
172.2
65.7
86.1
32.2
95.8
55.7
111
60.3
10.5
17.7
24.2
51.8
10.5
16.9
156.5
63.2
113.9
11.7
64.5
106.8
77.2
18.9
56.9
39.4
72
137.2
23.7
15.8
31.1
52.9
139.5
19.5
108.4
87.8
277.7
88.7
74.3
14.9
15.7
13.5
17
87.4
149.4
107.9
13.2
141.4
78.4
79.5
11.5
18.3
120.6
117.1
70.4
20.3
144.7
14.8
30.6
50.2
15.5
14.6
28.3
60.9
93.3
46.8
52.1
14.6
42.3
20.1
59.4
11.5
43.2
17.5
36.6
88.5
18.2
80.4
78
131.1
30.4
207.7
13.4
17.4
43.1
132.9
24
10.6
34.2
17.2
105.1
13.3
45.3
16
91.3
189.2
18.4
15.5
61.6
38.7
13.3
14.9
17.1
147.1
57.2
71.6
46
105.9
77.6
13
58.8
155.6
18.1
115.4
21.9
12.4
132.4
51.9
22
50.6
76.8
32.6
145.6
118.3
66.5
17.8
76.2
14.4
31.1
11.3
69.6
66.9
17.8
17.4
73.9
90.1
37
92.3
28.3
89.9
22.6
117.2
74.1
19
12.4
157.2
186.3
21.7
55.8
112.7
82.2
11
127.7
25.2
20
64.5
141.6
10.3
16.4
38.8
12.3
15.3
52.8
49.3
14.4
87.2
57.1
10
71.1
77.8
74
54.3
22.2
11
84.3
12.6
166
76.5
14.7
28.6
56
124.5
15.4
17.7
53.8
79.9
19.8
17.2
23
29.5
24.7
14.3
17
17.8
32
46.2
152.6
17.2
11.3
69
47.2
29.4
229.9
31.4
202.1
22.4
40.4
45.5
98.5
96.1
43.8
16.1
10.9
17.2
88.3
17.2
18.2
235.6
172.6
49.9
104.8
17.4
222.2
18
137.5
54.5
35.2
61.4
49.8
131.2
32.8
114.9
101.1
19.7
22.4
38.1
26.2
17.8
54.2
148.1
22.3
78.4
40.5
38.6
123.3
19
121.1
20.2
23.2
182.5
10.7
70.8
11.4
11.9
13.4
119
26.3
112.8
10.7
47.9
64.6
20
92.2
30.6
129.8
141.1
49.4
12.6
29.6
77.5
73.5
120.8
12.4
16.7
208.7
26
64.1
24.6
35.4
27.8
54.5
14
155.9
115.5
156.9
45.5
34.2
62.9
26.4
14.5
17
52.7
13.1
21.3
44.2
17.6
74.7
14.5
19.3
16.6
98.1
14.6
31.7
37.4
61.9
44
233.9
83.8
89.9
48.1
138.5
116.4
192.5
15.8
109.4
31.5
39.9
34.5
168.2
61.9
116.6
13.8
52.5
73.2
132.4
14.1
40.9
68.5
110
50.4
71.6
134
10.9
240
17.2
11.8
131.6
55.3
85.4
14.3
100.4
33.9
14.4
17.5
227.6
134.5
55.2
118.6
15.4
91.9
23.7
17.8
133.2
84.4
18.8
42.9
69.6
219.3
11.7
66.2
28.7
114.1
92
29.2
115.9
12.8
74.6
116.5
52.6
276.4
85.2
135.7
67.1
83.6
16.8
32.2
97.7
10.3
88
115.9
87.6
15.8
23.3
20.3
50.4
72.6
52.9
17
18.7
68.6
126.8
46.6
12
123
12.9
47
16.5
13
17.4
83.6
60.7
23
57.4
57.4
55.1
48.6
11.8
148.5
12.1
11.5
54.7
11.7
33.4
13.2
54.3
158.5
15.5
21.9
12.6
93.1
90.2
18.2
20.1
62.5
13.6
16.8
19.5
38.5
176.7
288.4
18.4
41.9
11.8
18.7
12.1
106.2
10.8
10.1
14.3
64.4
32.1
165.7
13.3
81.6
88.4
121.9
90.2
86.1
72.5
296.8
23.3
65.1
72.8
40
149.7
16.2
22.4
46.8
16.7
32.6
18.7
82.1
16.7
19
97.6
43
41.7
58.8
17.3
17.5
50.1
53.3
30.1
16.7
92.4
59.5
25
13.7
35.4
87.1
88.1
12.9
24.8
12.3
115.1
15.7
143.2
34.2
15.5
70.2
34.1
87.1
87.5
48.4
15
14.7
17.2
83.9
107.5
80.4
15.8
20.1
92.7
45.7
53.2
189.8
11.7
12.7
41.7
150.5
18.8
21.7
74.6
27.6
13
72.4
27
14.6
109.8
19.2
98
50.5
80.8
12.8
253.8
18.5
35
17.7
10.5
72.7
59.7
46.9
15.7
86.9
20.2
14.5
12.9
55.4
20.2
22.9
35.9
41
23.7
18.4
12.2
330.1
13
17.5
71.6
10.4
83.1
65.1
60
75.9
13
147.2
18.7
40.7
32
38.5
16.4
15.9
48.7
13.6
48
161.8
15
16.3
28.7
16.1
133.8
184
14.5
12.7
37.1
29.1
22.2
47.3
114.7
26.3
63.4
19.6
18.6
31.9
124.2
12.7
65.5
12.5
100.1
58.5
10.4
79.3
76.1
64.1
38.2
157.1
18.4
32.2
58.6
16.9
97
31.2
37.9
50.4
60.9
11.1
165.1
56.5
13.7
45.9
129
19.9
25.9
32.3
153.9
14.9
18.6
47.8
79.8
99.9
59.9
98
93.2
126.7
13.5
11.1
34.9
36.2
139.4
18.1
114.2
14.4
15.8
13.2
13.3
172.9
31.6
82.5
15.8
79.3
35.6
38.8
13.8
120.5
16.4
13.9
43.9
65.3
18.6
130.3
69.4
125.7
51.1
183.3
29
19.7
85.5
29.9
79.9
51.4
23.8
15.2
18.4
108.9
54.6
13.1
196.2
234.5
12.3
173.5
15.2
14.7
119.4
140.8
166.1
42.5
16.2
70.3
89.5
15.9
27.1
94.7
41.5
56.5
22.3
80.6
205.5
71.6
35.7
18.2
106.1
123
79.4
19.6
19.9
10.3
18.8
42.8
24.9
76.9
113.2
143.8
53.1
24.1
24.9
27.1
30.7
77.6
11.9
13.1
314
20.3
34.8
29.9
119.8
29.3
24.7
57.8
42.7
20.6
96.3
11.6
30.1
48.3
61.7
53.6
53.3
15.9
56.2
87.6
59.1
28.1
11.3
76.7
29.8
56.3
113.3
32.9
18.5
98.9
37.8
21.1
152.4
15.8
32.1
22.5
11.2
74.8
294.4
96.3
186.3
54.6
50.9
26.6
22.4
39.7
140
44.9
92.2
11.3
75.6
16.9
101.2
18
45.5
15.9
92.9
30.6
34.7
64.7
112.9
68.4
12.1
110.8
88.5
92.8
150.8
71.6
42.2
16.8
32.4
17.9
11.7
48.9
56
43.6
64.4
10.8
69.3
12.3
13.6
26.5
18.3
11.7
54.3
113.3
14.8
12.9
132.8
51.9
16.7
67
40.5
150.1
17.9
180.7
14.2
33
10.5
14.5
67.2
87
56.6
79.4
11.3
40.9
103.2
42.1
77.4
77.4
41.6
13.6
12.3
301.6
40.4
19.8
27.8
84.8
75.6
45.4
85.7
32.7
36.7
14.8
13.2
76.9
17.4
359.3
25.6
158
157.9
12.5
11.6
14.8
29
80.6
18.6
18.1
14
12.8
10.2
192.5
12
139.9
101
46.2
15.9
74.5
16.5
80.1
43
109.9
32.5
52.4
28.2
39.8
21.6
186
41
57.9
83.6
17.8
52.7
117.7
13.9
66.2
28
47.3
66
48.1
109.2
36.8
11.1
19.4
127.7
84.2
174.2
43.9
132.5
14.3
10.5
68.8
144.1
124.2
107.6
17.9
26.1
48.2
25.9
16.2
39.3
80.9
35.5
74.4
15.3
134
67.3
24.6
13.4
13
152.7
19.5
120.7
14.3
18.2
81.6
16.2
142.7
32.2
25.3
35.4
159.1
11.7
59.2
12.5
21.8
159.9
38.4
106.8
167.2
15.8
20.1
38.3
45.3
141.6
22.2
164.9
117.7
13
50.7
74.9
39.8
66.5
12.5
43.8
26.9
224.2
14.2
60.9
148.2
68.8
22
37.4
45.1
201.4
82.5
117.9
50.3
52
38.7
24.1
22.1
37.3
20.7
13.5
33.9
13.5
30.9
17
10.4
14.7
123.8
40.1
389.4
44.5
48.7
16.9
111.4
10.8
51.8
64.2
55.2
62.9
54.2
15.4
57.8
19.7
26.5
11.1
123.8
57.7
26
35.2
26.4
59.3
45
76.8
10
19.1
28.4
70.7
14.9
23.6
124.4
23.8
13.5
12.6
13.9
10.9
55.4
79.6
19.2
58.7
14.2
67.1
20.9
11.4
37.1
81
147.5
51.3
12.3
105.2
75.2
113.6
92.8
170
13.5
33.5
64.4
30.2
42.4
45.7
25.8
66.4
26
11
87.1
75.8
83.9
71.5
55.7
118.9
87.7
25.1
62.7
49.7
27.4
50
108.3
66.5
11
45.6
16.1
171.5
50.7
21.2
23.5
186
48.5
12.3
13.4
74.3
194.7
55.2
57
45.5
15.3
10.2
10.3
12.1
15.9
73.5
105.6
21.2
24.2
168.8
266.7
52.5
67.6
55.1
12.5
15.9
29.7
22.6
44.9
62.5
22.8
57.6
71.8
33.7
28
51.7
18.9
194.6
92.1
22.4
11.5
12.3
47.5
12.8
29.5
29.5
144.1
64.6
18.5
10.1
121.6
122.9
187.5
35.8
233.4
51.3
124.4
77
159.3
11.3
23.9
53.8
79.5
76.5
65.8
24.7
39.4
34.5
61.6
24
166.1
63
109.9
10.4
44.2
29.5
23.9
10.8
34.8
17.8
157.2
81.8
154.4
157.3
74
24.2
141.9
43.7
67.2
10.5
61.5
51.3
65.8
27.7
10.6
54
10
109.9
41.2
22.4
26.3
38.1
17
12.9
187.3
215.6
39.8
110.3
268.8
66.8
22.3
18.7
108.4
54
68.5
14.8
66.5
114.6
10.1
12.5
19.9
14
70.7
82.3
25.1
44.8
71
21.6
37.7
22.3
67.5
15.4
73.2
39.4
34.9
15.2
26.9
11.2
150.8
38.2
20.4
13.2
44.9
47.7
12.6
33
227
12.6
44.2
15.6
66.8
23
13.4
78.3
28.7
17.7
149.1
50
85.8
283.8
128.4
23.3
150.7
46
18.3
149.3
19.6
12.6
33.7
46.1
34.6
12.1
162.6
196.2
41.3
12.4
52.8
10.4
18.7
55.6
14.3
49.6
17.2
18.3
117
48
19.6
16.8
75
173.7
48.3
123
13.5
63
84.8
161.4
116.4
89.7
119.3
28.2
12.7
75.2
99.4
16.3
28.5
19.5
11.3
79.6
48.5
154
65.9
50.5
186.8
18.7
158
97.5
15.8
87.1
50
177.3
108
14.2
100
17.6
99.8
19.7
28.3
32.4
52.6
44.3
431.8
212
52.8
13.2
163.1
15
116
130
18.6
80.1
12.3
13.4
158.9
42.5
15.7
59.3
97.3
19
62.5
23.2
27.6
75.2
18.9
20.6
65.2
42.8
10.4
29.5
53.8
24.9
100.6
14.5
106.5
19.6
264.5
51.6
113.1
13.9
26.2
18.9
103
14.2
18
15.3
34.2
11.7
92.1
46.6
119.3
11.9
195.1
118
31.9
22.6
16.5
166.7
59.9
16.6
40
27.3
121.5
27.2
11.3
89.6
48
25.1
64.3
13.9
80.7
47.3
59.7
24.7
62.6
30.1
173.4
82.2
15.1
63
59.9
25.2
256.2
19.7
187.4
80
72.5
37.4
46.5
18.9
59.2
48.5
19.5
96.5
21.5
40.2
47.4
37.4
15.8
89.7
48.5
172
163
316.5
14.5
15.5
16.9
57.2
59.1
324.9
190.8
25.8
13.4
106.1
159.2
20.5
15.5
10.7
28.8
77.2
13
42.6
186.9
40
120.6
39.6
60.2
12.6
17.1
31.1
105
89.5
18.7
28.8
131.5
17.9
29.3
36.4
170.9
19.4
24.1
193.9
185.1
10.7
51.9
17.2
26.5
68.6
23.1
33.3
79.1
39
17.9
106.4
21.4
52.9
49
32
17.3
65.3
19.6
23.3
13.1
17.3
27.2
16.4
14.3
135.4
14
26
20.4
114.4
14.7
405.7
10.7
70.3
12.2
21.5
102.1
19.3
19.2
36.4
12.3
167.6
10.8
26.7
82.9
58.3
19.9
93
11.3
25.8
82.5
29.8
15
18.8
80.9
14.9
62.4
19.5
40.9
58.7
67.9
139.5
37.4
62.8
11.8
95.8
38.9
19.2
82.7
13.5
47
18.1
21.2
19.2
22.5
11.6
90.4
34.7
51.3
10.8
13.8
30.9
38.6
17
17
88.3
19
10.3
15.5
56.2
109.1
15.5
12.2
14
19.4
68.2
15.9
13.3
18.1
28
39.1
29.2
13.1
72.5
91.1
186.8
17.3
22.2
17.4
203.7
94.3
68.4
14.8
37
68.5
211.2
99.9
45.2
38.3
35.6
47.3
155.1
52.6
39.9
63.6
12.9
118.3
12.7
13.5
41.4
260.7
14
15.7
69.2
67.5
26.4
39.4
14.9
98.1
83
32.7
13.2
88.6
56.8
53.6
40.2
117.2
16.1
55.2
40.9
29.1
58.6
13.6
15.1
116.2
47.1
17.4
60.9
35.7
133.4
54.3
44.5
43.7
75.4
17.1
15
242.2
40.8
29.4
12
78.3
34.3
164.3
14.9
41.5
101.5
87.7
91.2
84.4
56.8
93.2
24
49.1
14
26.5
86
45.4
156.7
144.3
76.1
20.3
53.9
51.6
107.7
10.5
22
17.8
18
11.1
16
58.5
11.1
46.2
18.1
104.8
12.7
243.4
42
223
198.9
30.3
219.4
49.8
19.2
14.4
107.5
37.1
40.6
18.3
17
17.3
16
59.4
75.3
170.1
37.2
109.7
17.3
10
42.8
26.6
105.6
37.2
66
43
14.2
44.5
25.3
15.5
16.3
14.5
230.8
14.2
14.1
11.4
19.6
40.3
76.9
16.8
56.7
36.9
15.2
78.3
13.8
84.5
11.9
17.7
89.6
71.1
32.5
301.6
71
16.8
15.6
22.4
46.9
71.8
62.9
113.1
10.3
19.3
14.4
49.9
16.7
22.3
16.2
18.4
25.2
160.2
14.7
11.2
21
22.1
183.1
12
80
193.5
41.1
12.7
37.4
42
19.3
21.9
17
117
185
76
59.1
146.2
87.9
10.5
47.7
11.6
67.3
56.3
183.9
184.8
20.9
85.3
110.8
10.2
40.9
14.1
46.5
82.4
24.7
64.3
11.2
46.4
21.8
123.4
47.6
37.6
13
64.8
11.7
81.4
14.5
28.5
52.7
77.6
18.3
53.3
37.4
286.4
43.1
320.1
36.1
14.6
40.5
67
13.2
106.1
36.2
18.1
11.9
40.6
66.4
65.6
21.3
104.3
104.4
44.6
28.4
13.1
99.1
43.2
15.1
30.6
26.9
17.9
145.9
40.2
28.4
54.2
20.9
95.4
192.3
19
122.8
11
46.4
43.9
45.7
14.5
69.1
84.6
120.2
11.5
24.6
39.8
155.6
10
61.4
19.8
58.8
229.2
66.8
14.1
18.2
255.8
53.7
148.7
155.5
22.2
18.8
30.9
65.3
71.5
34.5
17.6
94.9
30
54.5
109.1
50.3
127.2
39.7
112.4
15.5
50.4
66.2
172.3
22.3
123.7
46.4
28.7
21.4
17.1
155.4
236
14.1
10.6
97.9
125.3
88.7
14
200
90.8
20
96.6
53.8
61
19.6
16
20
13.9
52.8
169.2
115.2
198.7
10
10
203.2
17.3
183.2
26.6
42.2
41.8
78.5
18.3
10.1
180.4
15
17.7
54.6
17.8
34.3
29.2
28.3
133
163.7
16.1
18.4
13.8
11.1
17.5
64.6
41.9
36.1
34.6
40.6
66.9
14
46.3
36.9
11.3
32.5
351.8
79
34.2
52
19.2
30.9
19.1
41.5
48.7
19.7
35.6
75.9
69.7
113.1
20.1
38.7
19.1
40.1
27.1
34.2
20.2
17.6
29.1
56.7
16
99.2
71.8
14.9
19
26.5
16.7
27.3
11.8
56.8
80.5
109.1
15.2
11.7
36.3
29.4
71.2
114.9
298
17.7
19.4
96.9
141.7
115
67.2
43.5
12.6
115.4
120.4
12.4
97.8
15.7
17.8
146.3
133.6
277.6
62.9
97.8
22.3
43.9
23.8
81.8
57.7
102.4
10.5
32.3
71.1
174.5
18.7
12.1
47.9
41.9
69.3
56.7
15.5
15.3
11.2
95.2
96.8
63.3
166.2
34
84.5
38.7
18.4
56.6
17
18.8
83.2
142.2
10.4
70
124.7
159.9
149.2
11.3
16.5
45.8
47.6
98.1
43.5
15.5
183.7
84.6
11.6
56.4
47.5
17.9
25.9
240.5
17.9
29.8
72.5
23.9
18.2
197.3
90.5
33.2
138
17.6
31.3
75.3
39.7
85.4
18.7
11.1
17.4
119.5
28.2
29.1
53.9
13
14.3
48.7
19.5
18.7
57.4
15.2
31.6
48.5
129.9
151.6
71.3
195.7
60.9
13.5
68.7
20.9
34.7
50.7
18.3
14.6
15.1
17
23.1
70.8
210.3
65.9
24.6
13.6
18.6
19.5
21.5
138.5
59
110.7
15.7
51
73.7
17.7
11.6
15.7
109.6
67.3
77.3
50.2
39.5
30.2
16.4
99.8
45.2
219.1
25.4
46.2
48.9
36.5
36.4
45.5
36.2
109.9
25.7
100.1
12.3
226.1
12.1
21.5
49.4
55.5
34.8
117.4
21.1
23.6
79.8
56
35.8
42.7
12.8
86.5
16.5
54.2
155.6
33.3
116.1
17.2
17.4
11.9
48.3
18.6
16.2
30.4
15.1
21.2
48.6
63.5
14.3
70.6
12.3
25.5
23.7
14.7
10.6
52.8
19.5
33.9
29
16.6
218.5
131.1
17.9
32.5
11.9
25.5
55.9
59.4
78.9
78.4
18.6
35.3
16.9
46.4
29.5
39.8
90.5
115.6
10.6
11.1
11
16.8
35.9
50.2
81.5
11.5
140.1
12.7
91.7
66.8
94.3
13.2
65.8
38.4
15.2
78.4
107.1
94.1
39.9
40.3
10.1
35.8
16.1
29.5
126.5
16.7
12.6
14.7
63.4
45.3
28.9
42
94.5
23.9
22.9
14.8
10.6
46.1
24
155.1
43.1
16.2
12.1
36.6
103.9
19.3
67.3
15.7
10.6
45.6
92.8
63.7
10.1
19.2
30.9
19.8
21.5
77.7
71.6
43
29.2
47.8
11.2
14.4
53.7
175.2
48
47.5
33.6
42
16.6
125.8
30.2
71.8
48.6
44.9
80.2
201
21.9
87.5
85.9
58.4
59.5
25.8
54.5
16.4
85.3
27.6
50.2
19.5
19
16.4
45.3
24.7
122.6
226.8
117.8
239.3
222.5
17.9
158.2
17.3
51.3
204.7
18
34.9
14.8
18.5
77.7
14.6
10.7
45.7
34.3
49.9
11.6
28.4
12.2
129.1
49.6
79.3
61.5
12.2
13.3
85.3
65.2
43.9
48.7
103.3
22.1
147.4
19.8
12.8
46.5
16.6
32.4
159.4
71.1
15.7
17.7
14.1
17.8
28.6
36.9
12.6
58.4
23.3
119.8
17.8
62
152.7
14.8
20
17.4
12
76.1
65.4
27.8
161.8
23.6
46
152.4
68.9
14.7
23.5
67.2
149.7
278.3
24.9
14.3
155.3
21.1
13.7
18.2
19.1
264.6
18
12.7
21.4
176.5
45.6
30.6
135.7
18.2
83.1
129.7
75.7
26.5
58.2
17.8
55.4
14.1
28.1
171.1
68.1
106.8
16.6
17.4
73.3
61.9
54.4
41
24.8
27.1
42.1
43
28.5
46.2
187.8
18.2
27.4
178.2
10.7
28.1
13.8
28.5
71.9
96.8
61.5
33.4
28.2
168.8
89.9
21.6
150.4
128.2
80.9
166.8
182.9
72.5
23.4
136.9
160.3
125
16.6
122.2
10.7
17.6
12.7
76.9
12
16.1
109.9
34.7
17.5
10.9
26.8
30
44.1
11.8
21.1
92.5
82
13.5
134.1
14.5
14.9
44
10.9
63.1
11.9
256.6
23.1
29.2
29.6
118.2
25.9
56.8
101.8
124.1
119.5
91.2
11.6
87.9
40.4
130.9
16
18.9
36.7
19
34.2
25.5
18.2
68.6
60.5
17.4
53.7
55.9
15.7
140
70.7
19
14.2
48.7
188
135.7
119.3
124.3
25.2
93.3
18.3
91.4
136.3
54
46.4
94.2
47
61
26.8
58.5
74.6
17.4
40.2
23
45.2
83.7
11.9
13.3
77.4
169.1
44.2
24.3
45.5
34.5
27.9
31.5
12.5
25.9
13.9
16.7
110.8
248.2
13.8
31.1
279
69.1
56.2
40.8
67.5
173.9
89
14.3
12.3
11.1
48.8
18.2
119.9
11.9
221.9
50.9
25.2
21.2
19.2
29.5
24.5
40.9
110.3
12.5
68.4
101.8
43.9
41.5
33.7
10.6
30.2
12.1
12.5
14.7
12.9
24.2
11.4
160.5
85.2
16.6
60.7
101.7
25.5
18.3
34
154
56.1
15.1
71.3
32.5
49.6
144.2
14
19
168.6
36.1
98
41.6
56.7
92.3
60.8
70.4
18.2
49.4
10
316.4
33