"Final Exam Score"
68.7
75.7
59.9
85.9
54.5
80.9
79.2
60.5
69.2
50.6
66.2
85.7
73.4
76.8
68.4
71.7
79.1
74.4
93.2
62.3
54.6
36.1
83.7
75.3
67.5
58.2
57.6
65.7
54.9
65.3
75.7
63.5
67.5
64
63.5
41.4
58.1
56.2
64.8
48.9
50
55.4
68
66.1
61.1
79.7
72.6
53.1
83
70.4
34.9
54.5
73.8
64.8
65.9
58.3
69.7
85.4
60.6
70.4
65.4
89.3
86.7
65.4
83.3
86.4
62.8
76.9
81.9
63.2
41.6
67.2
82.9
84.1
53.7
73.5
73.8
71.9
67.1
81.3
66
74.5
71.9
59.8
61.2
62.8
57.4
74.7
59.3
50.5
81.1
63.3
59.8
69.8
75.6
87
49.1
81.9
83.7
64.9
72.4
72.3
72.4
59.5
63.5
69
44
65.3
58.7
41.6
63.2
89.9
62.6
57.5
64.2
61.3
95.3
74.8
67.9
50.7
58.8
66.9
85.2
53.3
71.5
74.9
89.6
66.1
53.1
68.3
84.8
67.4
80.6
51.9
84.4
65.1
46.5
40.7
51.4
89.5
75.4
56
57.2
68
82.6
84.4
84.7
63.5
72.1
90.9
41.1
74.1
59.5
81.1
74.2
56.9
61.3
89.8
83.9
80.9
69.4
77.6
64.2
32
76.5
77.4
52.9
62.2
89.9
36.6
60.1
85
79.3
54.5
79.3
90.4
91.2
51.9
69.9
73.2
49.3
65.4
86.3
52.2
75.8
66.9
49.3
60.5
76.3
81.3
53.6
68.5
71
94.7
66.4
84.7
63.6
66.3
61.4
65.2
76.4
90.4
66.9
81.4
56.3
66.5
54.2
81.3
73.7
49.5
61.9
69.3
63.1
69.1
57.3
75.8
64
68.2
61.2
73.9
62.6
66.9
50
60.8
68.5
72.2
51.8
65.1
76
73.7
65.6
62.2
67.9
57.8
75.6
58.9
76.9
72.5
76.8
64.3
73.5
64.1
76.9
54.4
81.6
77
70.2
62.5
73.9
77.9
72.6
83.6
78.4
93.9
75.5
54.4
85
77.1
83.1
68.3
88.3
75.9
76.4
77.7
61.6
81.2
39.9
62.1
68.3
39.1
72.8
71.1
91.2
51.4
80.6
73.1
89.2
72
85.8
60.5
83.9
95.8
49.6
53.5
80.6
76.8
57.7
71.1
94.2
67.8
88.8
77.4
56
55.4
73.1
46.1
70.1
76.4
81.8
58.2
54.6
63.1
78.4
52.1
73.9
49.6
58.5
65.5
63.8
94.9
78.2
77.3
68.3
55.4
73.2
76.1
70.1
66.2
85.8
69.2
71.9
50.7
47.6
77.2
81.7
75.2
62.9
100
58.5
68.3
65.1
62.5
79.3
87.9
80.4
55.5
57
82.8
84.4
74.4
74.2
46.9
65.2
44.3
78.1
65
72.7
68.4
65.5
78.8
58.1
90.3
66.9
81.8
55
78.8
67.4
62.3
75.7
63.1
63.9
58.7
68
84.1
70
67.5
72
89.2
71.7
74.5
70.2
72.3
59.4
43.2
53
77.6
54.6
54
76.8
91.6
80.1
59.5
40.4
66.2
49.7
50.6
80.7
67.1
98.4
69.3
74.2
73.3
77.1
78.2
51.9
76.4
80
62.7
62.6
68.9
71.5
59
62.7
70.5
78.9
58.7
81.6
51.1
72.5
63.1
70.6
74.3
67.5
86.8
53.5
91.2
58.3
78.8
62.7
75.2
57.2
65.6
56.5
67.2
80.2
80.6
60.3
55.9
42.6
71.5
53.9
76.8
55.7
50.3
49.3
66.4
73.8
53.6
62
84.6
63.4
70.9
60.9
67.1
76.2
55.7
70.6
68.3
79.6
67.5
66.8
80.6
79.1
68.8
80.9
72.6
84.9
69.4
58.8
58.7
80.6
93.2
69.2
83.7
68
73.4
76.6
45.5
49.9
55.7
100
74.6
57.6
41.2
72.9
41.3
76.9
69.9
72
64.7
95.3
71.7
70
45.5
65.4
50.2
80.9
87
65.8
71.9
59.3
83.5
62.9
88.8
75
79.4
55
58.3
81
45.6
82.8
66.3
75.4
79.8
46.1
78
45.4
63.9
77.3
66.1
69.7
75.1
91
65.6
82.5
76.5
58.9
67.3
59.7
51.2
65
62.3
76.1
84.6
66.9
83.8
54
63.2
80.1
76.7
60.6
58.5
54.5
52.2
57.4
69.9
54.3
71.4
68.2
73.8
70.5
92.5
65.8
86
44.9
90.7
67.9
48.1
75.9
59.6
63.7
69
61.3
85.8
97.3
90.9
84.1
91.9
60.4
71.3
43.8
88.6
75.6
76.1
73.7
69.6
54.4
50.8
64.8
54
76.5
60.7
74.9
57
66.6
77.1
69.2
78.4
53.6
81.2
55.8
57.6
81.3
100
80.3
72.8
64.1
84.7
56.4
64.9
82.9
52.4
51.6
74.1
70.7
66
63.5
81
44.3
70.8
62.1
53.9
83.3
84.7
56.1
64.9
63
80.5
51.9
80.4
71.5
55.3
78
77.9
84.1
66.3
96.9
58.1
71.6
76.2
81.1
58.4
59.2
64.8
70.1
60.3
68.7
65.9
59.6
62.9
69.1
88.7
70.8
62.3
77.8
87.8
70.1
84.2
82.6
82.5
99.9
47.6
93.3
75.6
77.4
63
52
59.1
56.9
55
64.7
74.3
50.8
71.4
79.2
65.6
53.6
71.4
56.1
64.4
54.2
57.9
46.5
54.4
75.7
73.6
81.8
67.9
79.8
73.8
59.8
76.1
84.3
80.1
63.6
60.1
69.6
39.3
71.6
73.3
37.1
73.3
78
62.7
73.2
58.7
71.6
66.9
48.6
56.4
75.1
83.5
80.9
64.5
72.3
68.6
74.6
85.6
44.7
90.1
65.7
69
92.4
69.7
71.8
69.8
58.4
75.1
83.9
62.1
71.1
66.9
54.5
69.9
70.2
66
63.1
71.8
90.7
83.7
41.5
83.5
61
89.1
78.2
58.8
63.5
56.7
56.3
70.7
66.1
54.1
82.9
55.1
47
74.4
60.9
64.6
71.2
60
67.2
49.9
82.6
72.5
78.3
56.7
77
86
71.3
74.3
65.4
66.7
88.9
84.9
55.8
74.2
72.5
71.6
62.5
53.9
91.9
63.6
78.5
53.9
88.3
69.8
85.5
65.1
89.6
70.9
99.6
87.8
74.9
82.7
75
72.6
61.8
48.8
66.3
63.6
98.6
83.1
75.4
74.9
93.1
85.6
65.2
69.8
57.7
66.5
71.1
72.8
58.4
71.1
51.9
88.8
84.9
73.2
62.4
80.3
86.4
67.9
66.3
85
57.9
70.4
59
88
76.7
55.9
69.3
67.3
62.9
77.6
76.9
64.4
56.7
55.7
86.5
81.2
89.7
70.7
46.3
59.8
80.8
64
85.6
77.3
71.6
63.4
62.7
52.4
71.3
55.7
55.6
78.8
71.3
74.5
58.4
58.6
60
73.6
65.5
72
62.8
74.7
75.6
68.5
51.3
64.6
78.6
65.8
74.3
71.5
64.3
68.3
90.2
72.1
62.5
44
98.8
63.1
60.9
69.7
83
72.4
49.1
69.5
88.5
71.7
68.9
66.9
49.4
98.6
72.8
61.1
78.5
80.3
46.9
76.8
73.7
61.9
68.7
69.3
59
87
95.7
96.4
36.5
70.8
56.1
54.2
64.8
62.2
66.9
83.7
56.7
83.9
73.6
42
85.8
83.4
69.6
53.7
64.4
57.2
63.5
48.8
84.2
62.5
86.4
71.6
36.2
76.4
57.6
56.2
58.9
62.3
72.3
72.2
55.8
59.4
78
82.4
67.3
60.8
78.1
67.5
62
84.9
77.7
72.4
48.3
65.3
65.3
68.7
85.5
70.9
49
76.2
62.4
45.1
76.2
47.6
56.6
74.5
65.1
87.8
84.1
73.7
74
83.5
77
52
46.9
54.2
64.5
74.2
80.5
86
80.4
82.3
57.5
46.7
54.1
46.4
58.9
72.3
69.7
65.2
53.2
72
75.2
72.7
70.8
49.3
75.3
57
80.6
74
58.1
68.4
83.3
77.9
67.8
81.1
73.8
40.8
87.3
61.9
57.4
52.4
60.8
47
79.9
82.1
68
77.8
54
68.1
67.6
60.9
69.4
61
57.4
82.7
82
48.1
83.4
67.1
68.2
58.3
76.7
88.9
60.1
85.9
64.9
43.7
60.3
65.3
49.7
58
80.3
73.7
76.4
78.2
68.9
51.3
54.6
62.1
58.1
71.9
85
73
61.3
76.7
72
62.7
61
54.4
69.5
69.1
69.7
74.5
70.9
61
59.3
62.4
49.2
71.3
65.7
54.1
51.7
64
83.7
91.8
75.1
79.3
45.8
60.5
78.6
75.7
62.1
49.7
63.7
81.5
83.6
65.9
47.7
67.9
76.3
62
89.5
70.7
69.8
73.3
70.8
52
69.4
57.7
80.4
81.2
82.4
70.8
60.2
71
64.1
74.2
67.2
76.6
65.9
54.5
37.4
58.9
73.1
88.1
64
87.4
57.5
52
59.4
74.7
50.4
65
92.4
73.6
96.1
58.2
63.2
46.9
79.6
100
74
75
69.8
92.7
68.3
57.7
86.6
75.1
64.1
75.5
64.9
67.3
61.4
49
59.8
59.9
61.8
100
61.8
80.4
66.3
70.7
59.7
97.6
74.1
75
76.8
54.4
71.6
80.6
79.3
69.9
79.4
63.2
87.4
74.8
45.1
57.1
59
78.9
36.8
60.2
64.6
70.7
82.8
58.9
71.6
54.7
68.8
69.4
68.1
71.6
75.8
67.9
68.7
56.1
69.3
53.5
74.7
82.6
67.1
77.1
57.7
73.3
58
67.7
88.9
46.6
100
52
63
77.2
59.4
81
65.5
43.9
78
61.8
75.5
74.2
45.2
56.3
55.8
78.5
56.6
69.5
82.8
54.2
70.2
54.6
61.1
41.2
76.7
84.2
58.1
65.6
54.9
68.4
71.5
71.4
77.3
64.6
59.3
71.3
60.1
54.5
50.8
54.3
72.7
67.1
71.4
76.8
75.2
50.2
87.4
67.8
54.9
84.6
71.3
70.8
54.5
66.4
100
85
64.8
66.8
48.9
65.5
67.9
82.9
81.6
83
80.8
65
67.7
61.5
50.5
78.2
78.6
47.7
72.6
76.9
49.2
67.1
89.3
50.8
56.5
71.9
66.4
70.3
88.1
78.2
75.3
79.8
63
59.8
60.4
56.8
58.3
82.2
62.6
80.1
69.8
75
55.3
69.3
78.2
73.2
66.8
77.3
67.6
76.1
71.2
68.7
56.1
64.7
62.3
79.3
70.2
79
67
63.8
66.5
64.2
36.7
73.8
72.4
73.7
47.7
82.5
59.5
61.3
73.6
65.7
52.9
56.5
88.1
81.4
82.9
67.5
53.8
51.7
68.7
71.7
61.2
65.2
61.3
65.9
37.7
81.7
60.2
63
68.4
76.4
53
56.7
53.4
45.9
72.1
54
65.7
79.1
86.6
69.8
81.5
72.5
60.1
69.8
91.7
86.1
85.8
51.5
74.3
59
62.7
67
80.8
64.3
68.9
62.6
85.8
45.5
58.9
82
62.8
57.1
51.1
60.9
68.4
52.5
82.9
61.6
57
54.1
67.5
65.4
76.4
62.2
62.3
64
67.3
69.6
71.4
64.2
60.7
45.2
86.9
72.1
68
62.8
71.4
58.7
60.1
69.5
72.1
57.9
74.1
69.7
71.5
70.6
77.7
82.1
56.9
75.6
71.7
47.7
88.4
54
64.7
62.4
66.3
64.4
62.5
64.8
67.2
76.3
67.9
81.1
72.7
44.3
63.4
82.7
73.2
66.5
78.6
57.3
57.2
55.2
83.9
70.6
48.6
84.7
83.9
73.9
53.3
79.1
51.3
90.7
83.3
73.2
64.7
83.7
34.7
39.5
82.2
61.4
70.3
85.4
73.3
62.3
91.3
67.6
86.3
83.7
52.1
39.7
75.7
100
94
68.5
71.2
88.2
75.7
85.3
59.9
79.5
74.4
69.2
73.9
63.8
72.9
82.8
58.9
53.9
93.5
78.5
59.6
64.9
67.2
59.4
80.9
72.6
51.4
85.4
85.3
72.4
78.3
85.3
84.6
72.2
65.3
74
57.9
77.8
64.2
67
68.5
87.1
79.5
63.3
68.6
70.4
73.7
58.4
86.2
76.6
72.6
75.4
87.3
75.7
61.6
92.9
51.7
66.9
59.4
69.6
60.9
62.8
60.2
86.3
78.7
70
65
63
54.3
57.8
69.5
40.2
65
66.4
74.9
60.9
87.7
54.3
77.2
57.9
68
73.5
51.4
59
84.1
69.2
82.8
74.5
73.1
69.7
53.7
71.6
64.4
57.8
65.6
72.9
74.4
35.1
69.5
76.3
56.7
75.5
75.5
66.5
60.3
58.2
62.2
79.2
71.9
51.1
52.6
59.6
63.5
73.8
73.7
73.8
60.3
51.1
65.7
54.6
55.3
76.3
59.1
60.1
63.5
80.6
58.1
50.7
52.4
71.9
70.4
80.2
76.2
83.8
63.5
71.5
59
76.5
64
88.3
68.5
61.7
83.7
77.1
70.6
59.6
72.3
62.9
70.8
73.6
65.8
100
58.1
70.4
62.3
58.3
63.8
78.9
53.6
85.3
73
65
84
60.3
60.2
69.7
67.8
67.6
65.5
57.2
72.1
67.9
55.3
88.2
59.8
96.9
72.3
77.1
48
94.9
52.7
64.9
74.6
76.2
65.7
69.3
66.6
85.6
54.5
63.8
84.7
75.6
72.5
53.1
73.1
59.9
66.8
81.4
52.3
92.3
60.6
82.1
70.1
63.8
58.3
63.9
60.9
43
87.7
74.3
74.5
56.7
76.5
46.7
78.6
69
70.6
77.7
51.9
65.4
46.1
52.2
73.9
49.3
64.7
57.9
59.2
70.2
63.5
65.4
51.3
62.4
100
48.8
81.5
60.8
72.2
52.6
63.6
73.2
74
75.4
72.3
48.4
61.5
69.7
76.7
62.7
89.8
52.7
81.3
55.6
56.8
43.6
64.8
64.7
52
66.5
65.7
50.8
64.1
78.2
50.7
72.9
40.4
59.2
59.6
70
82.9
53.6
72.1
93.1
75.6
66.7
67.1
66.1
94.3
71.9
42.9
90.5
58.7
88.3
83.7
50.8
54.5
80.3
70.6
49.7
80.2
83.6
76
53.4
87.5
71.5
63.4
88
65.3
66.8
85.8
69
72.5
74.1
92.7
77.1
50.9
57.7
54.1
59.8
82.9
56.1
83.7
75.8
69.3
48.4
77.8
52
71.5
83.2
79.9
95.9
61.2
72.2
79.3
69.3
59.4
83.2
79.9
75.2
82.9
94.9
78.1
70.2
57.9
86.8
75
41.8
63.2
79.9
52.1
76.4
49.4
56.1
78.9
82.9
68.9
67
76.6
62
74
75.7
65.3
51.6
48.2
70.2
73.1
83.7
71.4
62.8
72.1
64.5
73.5
55.5
61.1
56.3
75.7
71.2
73.5
58.7
58
64.3
90.3
68
88.6
73.7
52.4
69
67.1
58.7
81.8
71.3
74.7
76
65.3
60
61.7
65.6
69.7
65.5
82.1
68.2
71.2
79
67.3
67.9
68.5
69.2
68.1
60.8
71.3
69.9
66.2
70.6
61.8
91
58.9
63.3
80.6
58.8
56.9
62.8
53.6
81.7
81.9
69.9
70.8
93.7
79.4
62.2
78.8
74.4
81.3
64.1
50.6
65
83
54.2
55.9
56.8
63.4
93.9
79.8
72.6
49.9
66.9
79.7
61.6
72.2
69.6
69
71.6
66.8
98.1
50.6
94.7
94.7
64.6
99.6
78.4
83.1
47.1
83.7
59.1
58.6
52.3
65.3
76.6
68.4
80.3
91.5
71.7
77.1
51.6
66.4
93.4
68
78
91.7
69.2
82.4
50.6
82.7
65.8
49.1
53.3
55.9
56.5
61.5
64.4
54.9
57.8
65.1
41.6
55.3
79.9
67.6
83.4
75.1
60
52.6
79.9
76.2
94.8
73.4
63.1
55.1
72.1
54.4
81.5
69.8
50.3
38
74.5
53.3
64
82.2
58.2
68.6
71.2
57.1
71.3
73.7
59.9
83.9
65.4
79.4
58.4
63.2
65.2
61.9
65.3
72.9
85.2
64.4
82.7
64.3
51.6
62.3
67.1
77.5
78.6
78.3
69.8
72.2
94
78.6
80
59.7
47.6
65.9
73.2
64.5
67.6
74.5
78.2
91.7
75.8
64.5
79.9
48.6
72
75.2
58.7
63
72.2
59.4
99.3
67
62.2
55.8
59.5
72.5
61.5
45.5
73.8
77.7
46.9
80.5
47.9
86.5
63.9
56.3
80.6
84
71.7
60.9
75
63.6
58.6
80.9
66
50.5
79.4
70.3
78.1
73.5
70.6
69.5
70.7
93.9
42.4
60.5
84.5
75.4
85.5
76.6
51.6
81.4
57.9
67.8
64.8
60.7
59.8
59.6
93.7
55.6
80.4
68
75.9
99.9
84.6
91.5
47.6
76.9
58.5
54.8
67.7
61.1
70.3
47.1
53.6
73
73.3
66
56.6
85.3
45.6
65.9
57.3
76
59.8
67
76.7
55.3
52.2
70.9
50.6
70.7
78.1
67.6
60.9
54.9
54.3
54.8
68.9
54.5
52.1
76.3
58.6
79.9
55.4
73.9
58.3
58.3
63.7
61.4
65.3
73.7
81.2
57.8
57.2
75.1
61.7
77.7
52.2
75.7
67.3
90.4
84.6
58.9
45.6
79.3
83.5
41
66.4
86.3
70.8
66.4
73.3
88.8
42.6
55.2
82.8
69.6
72.6
60.1
84
72.4
78.8
66.4
61
62.9
71
86.9
59.2
51.9
93.7
58.5
65.3
56.2
73.7
68
86.5
71.1
75.5
77.8
63.5
45.8
58.8
71.7
80.2
82
57.1
61.5
84.8
80.3
77.7
75.9
37.5
54.7
59.9
71.6
66.1
71.3
97.2
76.5
72.3
66
69.9
87.1
65.8
41.9
80.6
71.1
69.5
52.2
52.2
58.1
55.9
59.7
74.3
56
59.1
83.3
64.7
64.4
67.6
75.9
82.1
62.4
88.1
60.3
69.8
69.5
54.7
55.4
64.2
74.2
55.3
68.4
76.4
60.6
69
55.7
76.1
63.9
65
74.9
56.2
76.9
94.2
70.9
66.6
82.1
52.2
88.9
59.1
68.1
53.5
63.4
58.9
68.1
75.9
63.2
69.9
77.8
43
69.7
59.4
51.2
56.7
54.3
71.5
71
80.1
61.8
67
61.7
79.3
56.3
69.1
56.9
58.2
70.6
71.6
79.3
77.8
77.3
56.8
70.5
48.9
58.1
74.1
71.8
46.9
95.1
74.1
72.7
72.8
87.6
60.3
67.3
66.9
71.7
59
82.9
68.5
73.5
68.8
56.4
72.5
71
79.2
50.4
66
63.8
61.4
69.5
100
81.1
80.3
55.5
82.8
39.9
75.9
50
100
72.4
90.4
66.4
86.7
64.2
74
62.1
80.1
56
85.8
74
35.9
65.4
68.3
77
66.3
85.8
67.3
67
64.3
73
87.3
59.1
76.4
60.5
50.6
81.6
68.4
79.2
65.7
84.3
83.9
75.7
72.4
69.9
73.8
76.6
68.2
68.8
63.5
65.2
71.2
80.8
72.5
74.2
66.5
89.7
65.1
66.3
69.4
71.1
93.8
81.7
68.7
83.9
80.4
61.5
54.5
62.8
66.8
40.2
78.7
83.5
74.7
71.3
67
77.5
70.3
76
78.5
45.2
76.2
58.7
80.4
63.7
84.4
71.5
65.8
85.1
82.2
76.6
60.3
51.1
58.4
76.8
75
59.6
43.1
76.5
81.6
93.3
50.6
59.3
70.3
58.1
70.8
62
76.6
71.7
59.2
69.9
49.9
73
53.6
69.3
71.2
44.6
85.6
74.5
57.2
64.5
86.8
61.2
72.7
53.9
55.4
71.3
63.7
51.5
54.8
50.7
43.8
70.9
69.1
62.2
70.9
56
72
83.3
82.7
86.6
58.5
52
92.6
68.9
46
71.5
83.5
54.4
57.5
64.8
79.9
75.9
72.6
49.6
43.5
43.5
58.1
56.4
58.8
69.7
84.8
53.4
73.6
82.9
57.4
74.2
71.3
77.6
74.5
69.7
67.1
84.8
55.4
61.1
50.6
63.6
73.9
55.9
63.1
63
61.6
58.2
78.6
57.1
66.8
74.2
52.2
68.2
67.4
65
75.9
70.9
83.4
49.2
64.1
70.3
49.2
62.5
75.3
58.5
68.6
69.2
67.9
77
74.8
71.9
73.1
65.4
58
61.5
46.2
60.8
64.9
75.9
69.2
87.4
65.9
75.1
66.5
55.8
61.4
82
56.1
65.4
68.6
49.6
75
67
83.9
49.9
75.2
100
95.3
72.5
75.5
59.6
69.1
52.9
42
73.3
90.3
81.9
73.4
45.9
78.2
39.3
72.5
76.5
88.4
61.8
67.8
41.7
72
49.7
53.9
71.9
53.6
85.1
78.9
64.1
74.4
70.1
55.9
73.6
94.4
72.5
56.8
79.1
73.7
76.2
65.6
64
63.1
81.2
65.7
71.3
70.9
49.1
71.6
59
59.5
91.2
63.8
61.7
72.9
74.9
61.3
64.4
76.8
74.8
60.4
81.3
75.2
81.5
57.8
65.6
60.6
56.5
82.1
91.6
59.9
68.6
62.9
63.5
51.8
74.4
70.2
72.6
83.3
50.1
58.5
71.2
87.1
93.2
64.7
68.5
77.8
65.9
64.8
70.7
84.3
50.5
45.7
59.4
86.9
77.3
60
75
59.9
96.8
61.6
65.2
75.9
73.6
64.8
69.4
59.9
64.6
73.7
69.7
78.8
89.3
71.1
88.2
62.8
66.1
60.8
71.1
57
75.6
76.5
62.1
81.2
55.7
52.7
66.6
69.5
53.1
65.8
78
73
89.4
76.9
75.8
59.2
72
62.1
83.6
58.5
82
69
82
63.6
77.5
75.9
93.3
64.2
61.3
77.1
55.6
59.1
63.8
47.6
64.2
58.2
68.2
42.8
68.3
75
52
69.2
79.8
91.2
47.8
78.9
80.8
64.2
75
64.7
75.6
63.8
82.9
89.5
71.4
69.9
68.3
68.9
77.3
49
67.3
84.4
56
75.3
62
74.2
71
53.2
50.6
79.2
57
70.2
76.6
52.1
58
50.9
80.8
46.7
56.6
82.6
49.5
91.1
83.6
65.7
61.9
75.7
67
68.4
49.5
71.3
71.7
53.3
77.3
62.9
62.6
77.8
73.5
75
79.9
44.4
56.4
49.3
76.7
63.8
50.9
63.7
72.6
71.2
63.9
72.8
76.7
80.6
77.8
56.2
88.8
67
62.1
83.3
84.4
64.9
82.2
70.9
84.5
59.9
76.2
69.9
72.4
58.4
90.5
64.2
81.7
69.7
70.6
60.9
37.2
80.8
64.7
75
54.3
60.1
47.6
64.5
71
85.1
88.1
57.4
72.1
77.7
89.9
70.6
62.8
75.6
74.5
76.8
78.9
77.3
63.4
75.2
59.7
43.4
76.8
67.5
59
67.4
69.9
66.6
73.2
50.3
64.7
45.6
64.9
92.2
84.8
81.7
74.2
71.5
70.6
68.5
71.7
55.1
63.9
69.1
83
69
47.4
89.1
70.2
64
71.7
70
72.2
76.2
67.4
56.2
71.5
75
100
47
74.6
75.5
88.9
72.3
72.6
53.3
72.3
88.7
64.5
84.5
88.1
74.2
63.1
81.8
64.8
65.4
76.8
70.6
51.5
80.3
73.1
60.7
50.1
56.9
72.4
68.9
69.6
70
55.5
75.3
88.5
59
78.9
40.7
69.7
57.2
77.4
74.8
68.7
89.7
78.9
80.3
49.7
71.3
73.1
77.4
81.5
56.5
57.6
63.2
70.9
65.8
86.1
65.6
50.9
69.8
67.7
60.5
66.6
99.8
49.1
66.1
34.6
77.4
35.1
82.1
76.6
77.4
74.5
82.4
80.1
67.7
67.7
71.5
69.3
80.3
74.7
62.3
57.9
75.8
83.8
68.5
69.6
61
80.2
69.2
48.5
48.5
72.8
55.3
86.1
64.8
81.1
64.9
77.2
71.3
56.5
73.8
64.6
85.1
63.3
64.9
68.6
59.3
64.3
67.5
61.5
73.3
68.3
66.1
53.4
65.7
61
84.1
69.4
70.6
67.6
43.6
50
82.2
91.8
59.8
71.7
72.9
71.4
71.1
68.6
68.9
100
77.2
62
68.6
67.2
77.6
67.6
64.2
100
81
86.9
48.8
72
78.5
74.6
91
73.9
66.6
79.1
67.5
66.8
46.4
70.8
52.7
65.8
78.3
63.1
52
72.3
80.2
52.5
69.3
56.2
62
58.2
75.8
67.2
66.2
78.3
77.8
85.6
86.3
55.3
55
75.2
62.2
66.9
67.7
92.4
64.4
54.5
28.6
64.4
67.6
57
79.9
84.2
62
91
88
60.5
70.6
56.7
83.1
68.8
81
53.3
43.5
55.7
64.5
78.2
76.7
74.1
72.1
64.6
67.6
64.2
76
65.8
66.8
60.8
90.4
68.8
61.7
96
65.3
67
90.3
68
64
59.5
58.4
100
75.3
73.2
75.5
71.6
51.2
64.7
91.7
72.4
69.9
51.7
51.4
64.8
87.9
74.2
78.4
58.2
42.6
70.6
68
55.6
70.9
73.9
73.8
61.2
86.9
67.8
70.7
73.7
55.2
69.4
82.8
56.6
65.9
85.8
47.6
82.5
60
70
59.3
91.5
62.4
95
73.6
55.8
73.5
70.2
71.3
69.5
72.9
68.4
57.5
86.7
68.3
70.1
77.2
56.5
98.6
78.2
75.7
83.2
90.5
69.7
52.6
83.1
72.2
76.8
76.4
75.2
65.2
55.6
50.3
73.6
65.4
78.7
68.2
81.8
72.2
55
80
71.4
54.5
64.7
76.8
49.1
77.2
62.4
64.8
57.9
76.5
67.3
85.9
62.4
68.6
83
94.1
65.4
97.8
62.6
83.6
54.8
61.9
86.6
48.9
58.6
79.5
68.9
63.5
77.6
65.4
75.5
59.6
74
86.6
78.4
69.1
70.6
60.7
62.8
69.2
49.3
55.8
42.3
93.5
70.5
64.2
74.9
82.7
79.9
89.8
71.7
53.4
70.9
66.9
69.1
52.8
57.9
51.5
62.4
72.8
55.3
74.9
75.7
80
85.1
81.7
59.7
59.6
88.6
80.1
80.5
74.6
62.9
76.6
65.2
72.3
80.9
71.2
84.2
66.4
79.2
67.1
62.5
74.6
52.9
71.9
80.5
87.6
62.2
71.9
66.3
74.5
69.4
69.9
71
83.7
75.3
93.2
74.9
65.6
59.9
78.3
74.6
60.4
69
71.1
65.1
66.2
60.8
84.4
56.5
53
75
71.9
70.4
63
66.5
66.7
76.9
56
73.2
83.3
76.1
83.9
66.5
81.8
55.6
70.3
82.5
75.6
61.3
48.5
100
65
42.2
54.9
62.7
81.5
61.5
78.7
89.9
88.8
81.6
47.6
58.3
76.9
69.7
83.9
67.9
51
74.7
55.4
60
70.4
67
76.6
77
69.7
47.7
88.7
62
47.3
84
67.1
64
45.8
42.3
76.8
51.2
82.2
59.1
61.4
63.6
79.3
62
65.4
51.7
66.9
74.3
47
60.4
79.8
61.1
68.6
68.4
78.2
87.5
73.7
50.7
74.7
50.6
79
93
47.8
60.2
92
98.2
91.3
54.1
54.3
57.4
70.3
78.9
73.6
77.5
77.9
73.1
85.2
58.1
69.9
73
63.5
83.3
47.8
62.4
76.3
75.8
57.3
46.9
69.4
47.8
72.8
69.5
67.7
77.2
61.2
65.5
59.5
70.7
71.6
75.8
55.1
53.5
67.9
81.9
65.3
63.6
79
53.3
55.4
51
70.2
43.9
72.8
68.1
56.3
73.6
59.8
71.5
87.3
73
58.4
63.7
75.4
65.5
73.6
79.2
97.5
60.6
76.2
89
64.4
76
56.5
74.8
50.7
76.8
72
42.8
60.7
67.2
60.4
78.4
56.4
65.6
74.8
88
79.6
51.5
58.3
75.7
72.8
73
79.2
69.1
75.3
60.3
83.2
78.5
81.1
65.8
76.3
69.7
60.8
89.9
80.3
52
63.8
62.9
71
52.3
74
89.4
71.5
68.2
63
66.8
69.2
49.5
87.4
71.9
66.9
81.9
42.7
59.7
82.1
54.2
59.7
55.1
73
45.3
87.7
58.9
70
33.1
73.3
86.8
55.7
55.8
71
86.2
59.7
90.3
82.9
80.8
63.5
73.1
63.1
83.4
80.5
71.9
71.5
69
67.1
57.4
69.6
77.3
71
47.4
84.1
76.5
79.4
54.6
48.2
60.2
43.7
86.8
55.1
52.5
69.6
95.3
84.2
49.7
86.5
66.3
83
55.2
61.4
70.5
88.9
55.8
66.6
82.7
77.9
65.6
38.2
69.9
62.5
75.1
68
67.3
74.7
69.5
58.4
74.7
64.8
72.8
72.6
87.5
55.3
55.5
73.4
58.7
67.1
63.1
73.2
70.2
77.7
79.2
60.5
71.5
72.9
76.8
62.8
27.6
63.1
79.1
57.1
48.5
83.8
92.2
67
70.5
85.3
86.7
71.2
60.5
77.9
80.2
69
49.9
79.7
87.5
57.7
45.8
85
65.1
84
76.2
98.7
58.9
68.4
66.7
41.4
65.9
57.9
92.1
68.1
70.6
71.2
56.5
59
46.6
62.3
57
61.4
69
54.9
63.7
69.7
76.9
77.9
63.4
82.7
70.4
89.5
82.2
67.6
65.7
59.7
67.8
57.7
80.6
72.2
62.6
74.4
70
72.9
56.7
67.3
76.3
69.4
58.4
75.7
100
61.6
58.1
60.4
70.7
63.7
70.5
67.9
62.9
63.5
89.5
70.3
62.2
75
96.6
71.7
51.2
64.1
84
65.8
73.7
80
67.3
70.4
83.5
75.1
54.9
74.1
42.8
71.6
77.9
46.7
75.2
62.3
52.9
64.8
75.7
34.4
62.4
66.1
62.3
72.6
67.6
100
59.3
71.9
57.9
74.8
53.2
70.8
81.7
54
63.8
67.3
45.4
64.8
80.6
72.9
64.2
65.7
74.2
54.6
86.4
56
67.7
84.3
67.2
85.2
77.3
73.4
66.5
100
69.7
72.4
70.1
84.9
84.8
71.8
42.9
67.9
75.8
72.8
73.7
100
56.9
51.1
68
54.7
63.1
86.9
63.6
79.5
82.7
55.3
70.3
60.3
55.9
92.3
75.8
90.4
83.7
77.7
64.9
86.1
70.3
33.4
70.3
62.8
76.7
71.4
76
77.3
63.5
74.8
75.3
63.4
83.6
84.2
80.6
75.1
74.7
84.4
77.3
82.6
100
64.7
68.4
64.4
67.6
80
74
67.5
51.4
41
59.2
63.6
93.4
92.4
70
75.6
66.5
69.1
73.1
68.2
86.1
56.9
64.4
74.2
70
72
46
65.8
66.7
61.9
55.4
66
77.3
62.8
81.6
52.2
64.9
78.2
62.2
66.9
79.2
77
59
62.7
71.1
69.4
76.1
61.5
65.9
88.4
66.6
60.6
69.6
79.4
72.9
67
75.2
85.8
69.5
72.8
59.6
67.4
62.5
82.3
73
89.2
80
50.2
37.6
52.8
60.8
68.7
61.4
90.7
58
79.4
88.4
66.3
50.9
60.5
61.7
56.6
86.3
71.1
63.6
72.3
78.1
54.4
70.5
72.2
65.5
82.7
72.1
84.3
77.7
51.9
83.5
59.1
67.6
55
78
67.2
81
65.4
64.5
65.5
77.6
76.1
85
62.1
65.2
55.2
77.5
79.5
79
83.9
63.4
66.7
60.9
80
76.8
68
53
53.2
79.9
60.3
53.9
37.9
70
63.9
84.1
49.5
54.8
86.6
79.3
52.5
54.3
71.1
61.5
67
62.9
62.6
77.7
65.2
69.9
65.1
67.6
81
74.5
67.3
57.6
77.1
75.3
85
67.1
81.5
72.3
61.3
43.1
59.6
75.7
61.5
66.7
75.9
68.1
69.3
81.7
63.3
51.2
54
77.3
83.4
68.2
58.5
82.7
73.4
69.8
78.2
72.6
86
53
84.3
48.4
57.7
91.8
70.6
77.1
60.1
72.3
84.9
70.9
75
54.6
58.9
71.2
61.4
82.7
60.9
76.6
63.6
70.4
64.5
65.2
59.7
70.2
93.4
83.6
72.2
80.4
52.5
83.5
58.8
88.5
96.5
64.9
70.1
57.2
57.9
69.2
79.1
43.4
61.2
46.1
68
71
50.2
77.1
83.6
58.2
87.7
57.8
67.6
76.2
76.3
56.6
58
57.8
68.1
63.4
71
56.2
75
75.4
36.8
51.8
61.5
55.3
62.2
55.3
75.2
75.1
50
44.1
62
63
51.5
44.4
85.1
88.8
79.9
76.3
82.4
68.8
85.7
84.5
79.3
81
75.5
65.4
46.4
71.1
75.8
100
63.2
69.2
83.2
78.2
60
67.3
77.6
41.6
62.8
60.8
64.7
69.3
58.5
67
100
60.9
75.9
74.2
62.5
79.6
92.2
73.1
77.2
78.8
70.5
38.8
47.1
83.5
61.4
60.1
94.2
84.2
73.3
75.6
70
92.3
69.3
80.7
49
80
55.6
89.3
80
69.4
80.2
92.6
52.8
62
73.4
47.5
62
55.9
70.3
78.5
93.9
80.9
78.6
77.8
67.9
48.6
81
72.9
78.3
52.7
86.7
72.2
51.1
73.8
80.5
48.3
73.8
49.2
80.1
78.9
60.6
65.7
58.3
54.2
71.1
68.5
72.3
83.2
83.1
88.6
76.8
71.6
71.1
43.7
72.6
55.6
87.9
75.8
52.5
57.3
45.5
78.1
60.5
63.9
75.7
70.1
61.9
63.2
65.1
73.1
88.7
68.2
70.9
76.7
96.3
61.2
73.5
87.9
56.6
66.4
75.6
64.7
58.9
66.7
68.6
75.3
49.4
50.5
77.4
53.1
76.8
74.5
81.9
77.5
56.5
57.4
91.7
69.1
67.8
71.2
77.7
77
85.1
68.6
52.9
67.1
96.7
68.7
52.1
66
54.8
77.6
60.1
63.9
67.2
68
71.2
64
78.5
58.7
79.4
60.5
64.5
51.2
54.7
78.9
57.5
74.4
70.4
59.5
69.9
59.5
51.2
67.8
68.6
77
53.8
80.6
70.4
57.2
70
97.2
78.5
80.1
66.8
78.9
67.3
69.3
60.3
100
56.8
75.3
78.3
51
63.1
60.6
77
54
64.1
58
59.9
61.4
50
37.8
49.8
74.1
74
72.8
75.6
79.8
49.1
66.3
74.1
88.2
62.4
84
66.1
83.9
52.6
80.9
60.4
81.5
83.2
52.7
81.6
49.4
76.4
80.7
60.7
53.7
89.3
70.5
44.9
84.4
44.2
66.3
76.3
98.6
55.9
63.6
54.4
61.5
60.5
54.8
81.4
62.9
68.6
56.8
90
68.1
64.9
74.5
68.2
91
76.5
76.3
58.3
83.5
71.7
47
70.3
53.1
60.7
71.4
70.5
61.2
76.5
88.2
60.9
72.7
59.1
64.9
54.5
66.4
73
79.8
57.7
25.8
60.1
56
70.6
49.6
70.2
48.9
58.9
51.1
74
59.6
91
63.4
38.4
84.5
96.2
66.6
80.3
78.3
68.8
62.1
48
55.7
80.2
84.2
87.1
62.6
64.4
70.5
70.4
71.8
73.2
53.1
88.8
62.2
56.3
80.6
75.6
54.1
61.6
63.3
58.3
56.2
63
91.5
67.6
60.8
66
66
76.1
52.7
53.1
50.7
63.2
87.8
78.5
76.4
75.4
84.7
68.2
67.5
62.7
72.4
51.9
80.7
80.9
73.6
92.6
62.4
69.1
76.4
53.7
30.4
69.2
74.2
86.9
63
56
65.5
80.3
75.3
87.4
56.2
62.2
69.3
75.2
91.8
67.5
56.9
70.7
82.5
70.8
75.7
81.2
75
72.4
63.9
56.4
50.8
63.4
56.6
78.5
66.5
70.4
57
67
71.9
64.9
76.8
86.7
50.4
47.7
68.4
89.3
82
66.1
79.2
47.4
67
61.1
62.4
72.1
94.7
59.9
53.9
81
61.9
73.3
72.6
59.8
69.9
65.2
57.1
64.7
68.5
53.6
80.8
64.6
76.5
70.9
57.8
68
58.8
68.8
68.4
72.1
65.1
44.9
59.9
76.1
84
71.9
58.7
84.9
73.3
49.5
72.5
77.1
63
77.9
81.7
51.5
66.5
75.4
85.9
65.8
82.4
81
72.9
73.4
60.7
68.8
73.2
77.2
79.3
87.6
44.6
59.6
63.5
45.1
86.4
76.4
60.7
66.8
66
63.8
53.7
66.6
52.5
74.6
72.5
69.9
56.9
58.3
81.3
66.8
63
71.2
74.4
78.4
77.5
61
76.8
58.7
68.9
62
54.7
85.2
67.2
66.6
61.7
67.5
72.4
32.4
47.7
39.4
60.9
78.8
74.1
61.4
63.8
73.5
83.4
57.8
52.5
67
76.1
76
40.6
72.4
59.7
79.1
81.5
70.1
98.1
47.6
67.2
70
63.4
64.1
41.5
55.6
68.9
81.7
64.1
85.5
39.2
72.7
76
58
43.8
72.9
70
73.2
64.9
27.3
77.4
46.3
69.1
80.2
58.5
45.9
59.4
60.4
80.3
63.5
64
84.8
61
51
79
58.2
78.4
56.6
91.6
70
55.7
72.8
57.5
70.5
57.6
60.6
72.6
71.9
88.6
79.2
73.9
53.6
57.5
57.9
54.3
86.1
72.8
55.6
59.6
61.2
67.9
85
75.2
100
79.4
71.7
62.9
68
80.3
61.5
59.2
46.4
64.7
76.4
82.7
71
80.4
69.9
69.2
77.9
85.7
77.4
76.7
59.5
75.3
64.2
59.5
63.6
68.3
72.8
61.8
67.4
55.4
68.8
68.3
66.5
63.7
63.8
66.5
61.1
100
54.6
52.5
56.6
76.3
75.2
64.5
43.2
81.9
63.4
77.3
64.4
90.4
83.9
70.5
72.9
69.6
68.7
71.6
58.5
56.5
65.4
62.5
75.4
92.8
66
69.2
79
53.3
58.2
80.6
65.9
47.6
56.1
78.8
73.5
68.9
69
54.2
79.7
55
80
43.8
72.4
51.1
52.7
72.3
59.7
54.3
73.8
57
55.6
71.8
72.7
71.2
72.1
74.9
62.2
59.8
74.5
62.5
63.9
61.2
85.7
82.5
92.2
50
74
80.9
85.3
69.8
82.4
76.9
92.7
78.4
78.2
63.7
80.7
65.2
65.4
76.7
71.3
56.9
68.9
66.9
78
56.7
52.2
31.4
48.4
72.7
62.7
67
71.1
58.7
78.3
69.9
73.2
68.4
62
79.5
66.9
74.3
54.3
69.1
54.3
92.7
55.5
88.8
79.4
64.5
77.7
67.3
81.5
66.3
62.1
74.4
64.3
42.6
59.8
67.8
83.3
89.3
81.5
64.7
62.1
74.8
68
78.8
47.1
79.8
86.5
71.2
77.4
36.7
85.1
73.2
57.5
63
65.6
72.1
66.4
48.7
43.8
87.6
52.7
67.1
68.5
52.1
62.1
68.4
71.8
80.1
44.3
62.4
65.5
57.5
78.6
71
68.6
48.9
64.4
65.8
78.9
70
87.1
54.4
74
85.6
78.2
47.4
84.6
66.1
92.2
64.2
66.5
76
62.7
91.7
58.1
93.7
70.3
59.1
70.3
63.3
56.6
88.6
63
79
75.2
77
86.5
68.8
58.9
60.3
83.1
78.8
80.5
54.4
71.3
71
89.6
73.4
80.7
56
81.9
76.1
89.3
73
78
54.9
62.3
67.7
69.4
75.5
63.5
67.6
67
57.2
45
62.6
61.4
62.3
64.2
63.7
74.6
60.2
71.2
76
66.8
80.4
68.6
89.6
70.8
65.1
65.3
77.4
96.7
96
72
67.6
50.2
55.4
83.9
63.7
69.6
67.1
100
49.2
74.1
67.8
51.1
81.4
65.8
67.1
49.1
85.2
55.4
59
76.9
69.1
60.6
70
67.7
60.5
64.6
32.2
64.3
49.5
72.6
96.8
58.4
80.1
70.5
59.6
77.5
62.3
66.7
77
62.9
57.3
58.6
71.5
75.5
78.4
66.7
72.7
43.2
65
82
69.4
62.8
64.6
67.2
60.1
78.2
83.4
77.9
84.8
85.1
71.9
57.5
63.8
86.8
57.8
81.2
54.3
76.4
57.9
64.5
83.7
87.5
53.6
54.1
37.6
66.2
64.3
53.6
93.4
54.2
66.7
62.9
73.6
63.5
72.5
68.5
71.7
85.5
78.1
73.3
70.3
61.6
79.8
81.8
68.5
73.5
60.6
81.3
76.2
75.1
81.5
45.3
60.9
67.6
67.2
65.9
66.4
75.4
78.7
62.2
55.3
79.4
66.3
76.6
86.7
68.1
57.7
68.3
55.9
77.4
63.9
68.9
50.8
75.7
53
71.7
52.9
46
60.5
78.8
81.2
63.7
88.8
59.5
67.6
75.8
61.4
57.1
66.9
78.2
82.1
93.1
66
57.8
75
41.8
70.7
55.4
52.8
73.2
60.2
38.1
72.1
79.8
71.9
72.1
51.3
47.1
54.9
73.3
71
64.2
56.1
79
65.2
40.9
77.6
60.4
71.6
100
58.9
65.1
67.9
87.8
45.1
64.5
82.5
72.4
60
71.2
72.7
72.3
74.4
85.3
66.7
61.6
53.3
77.4
64
53.7
58.8
83.4
77.5
76.5
61.6
64.7
57.4
47.2
54.8
58.7
86.8
69.4
86.4
53.4
80.2
70.2
69
84.3
75
73.9
71
72.6
70.3
70.6
72.3
56.5
74.9
73.8
74.7
58.8
72
82.7
63.7
85
67.7
65.4
56.5
67.6
78.8
55.8
56.5
63.9
59.5
85
64.2
62.5
70.2
50.5
68.4
68.7
68.5
60.4
61.5
56.2
66.2
73.7
75.9
76.8
69.7
61.3
62
62.6
87.7
75.4
55.6
73.8
78.4
60.4
62
62.7
77.2
51
60.5
61.2
70
81.2
67.1
49.8
62.1
80.7
64.3
57
66.3
45.1
73.9
64.1
69.8
66.6
78.5
52.2
65.3
67.5
75.9
76.9
57.1
81.4
61.9
62.6
61.9
41.6
74.9
64.2
82.6
81
68.8
45
69.1
83.3
83.9
57.3
79.9
62.8
43.6
61.3
51
71.3
87.2
39.2
50.9
59.2
62.7
74.5
69.6
73.7
65.4
55.3
78
59.6
57
47
73.5
67.1
75.4
75.2
61.8
59.1
58.7
80.8
46.9
100
43.2
67.8
78.9
90.1
68.1
79.1
74
75.7
73.5
53.5
60.3
62.6
60.3
58
78.4
69
70.8
78.8
65.4
61.1
56.2
49.2
82.3
68.4
65.6
58.8
73.9
48
63.3
70.9
90.8
64.4
52.6
54.8
50.5
54.4
77.2
64.8
65.8
95.1
76.5
45.2
56.8
69.7
50.3
55.2
79.9
59.4
68
68.9
84.5
70.5
73.4
56.7
60.4
57
74.1
71.8
73.6
59.9
51.6
66.3
55.8
79.3
60.3
67.7
75.6
66.5
56
82
64.3
72.8
59.4
83.4
61.4
79.2
84.3
48.4
61.9
76.8
89.5
76.6
79.4
86.2
61.8
64.2
59.3
82.9
54.1
76.3
70.5
82.1
76.6
75.1
48.6
72.9
54
72.4
50.2
70.2
84.6
95.8
65.2
55.3
66.7
52.8
68.4
92.9
47.7
89
72.8
74.2
78
82.4
72.3
80.2
63.6
54.3
66
83.8
74
65.7
70.4
84.3
73.9
54.2
61.9
83.1
68.5
61.6
70.2
71.4
64.5
43.4
45.6
84.6
57.3
79.9
90.2
68.7
72.1
68
35
61.2
87.6
71.7
53.3
61
81.7
63.4
61.3
58.1
92.9
57.7
64.9
85.8
70.7
70.4
69.4
85.1
81.3
50.3
53.5
60
67.1
63.2
76.6
73.9
74.4
59.8
94.9
89.2
72.7
66.1
89.3
64
80
60.8
60.4
74.7
45.4
83.2
65.3
58.6
69.4
60.1
75.4
61.8
69.3
59.8
72.2
73.6
57
49.7
38.9
75.5
62.5
56.9
69.3
64.7
73.9
71.9
67.5
59.4
86.4
66.3
68.9
62.9
72.4
48.8
78.7
66.6
76.3
71.8
59.4
74.7
65.7
62
84.6
72
70.1
65.8
48.4
59.1
80.8
81.6
67.6
70.2
41.4
44.5
67.4
67.9
67.1
71.7
70.7
59.2
58.8
60
54.7
71
84.7
63.9
70.3
71.9
66.1
59.8
50.4
77.3
77.5
54.1
77.7
48.8
45.8
52.3
67.2
68.3
54.8
75.9
63.7
60
60.6
83.2
80.2
78
71
79.3
74.7
59.4
66.3
84.8
64.7
61.8
68.8
61.5
66.6
79.8
74.6
52.4
69.8
86.9
76
68.8
76
79.8
52.4
59
76.9
68.5
56.2
53.7
74.7
49.2
59.9
81.8
87.2
63.3
95.4
50.4
63
76.5
63.7
49.4
59.7
67.8
61.3
63.8
61.3
73.9
55.6
75.1
73.1
64.3
69.1
65.3
73.8
81.1
75.8
90.6
44.9
47.3
55.6
48.7
79.1
87.3
61.6
72.8
72
77
55.8
68
87.6
59.8
54.8
89.5
58.4
68.8
62.2
50.9
60.5
85
54.3
75.4
75.5
65.8
66
77.3
92.5
69.5
84.9
82.3
63.2
72.4
71.6
70.1
77.1
64.7
78.1
79.5
69.9
79.7
69.9
58.7
67.8
92.2
74.8
47.5
71.2
64.4
56.6
69.1
69.5
65.3
73.8
68.9
91.3
100
68.6
61.6
77.5
63.9
59.1
75.5
89
49.9
70.3
62.5
81.3
59.6
72.3
69.7
75.3
56.5
62.3
74.2
98.5
82.1
58.6
67
51.9
66.3
60.5
80.1
70.9
63.1
68.5
63.3
78.4
75.3
82.9
67.7
71.8
85.1
77.6
70.1
71.6
94.7
62.7
62.8
37.5
59.1
78.2
73.3
74
58.8
55.5
58.5
49
62.7
68.6
65.8
64.1
63.8
68.1
53.7
73
66
65.5
83.6
97.4
81.3
75.2
59.7
72.4
81.3
68.9
88.9
83.9
76.1
72.5
48.2
75.7
62.8
68.2
69.6
88.3
72.3
75.9
76.6
56
76.9
52.1
87.9
72
59
53.5
79.7
72.2
57.5
71.7
77.4
73.9
82
73.8
58.7
81.4
62.3
72.5
65.4
78.2
53.7
81.2
70.7
70.8
49.4
67.6
76.3
93.1
71.3
68.8
64.7
75.7
82
72.4
67.2
73.2
97.9
57.9
68.3
64
69.3
60.4
84.1
70.5
72.5
54.2
56.5
86.5
66.6
63.9
67.3
78.1
96.4
64
73.4
74.5
55.5
51.5
54.6
73.1
66.4
73.5
76.1
86.7
90.3
61.8
56.9
47.4
86.8
66.1
70.4
74.5
62.3
63.2
74
54.6
50.4
79.3
82.5
57.8
86.3
74.4
61.4
73.3
61.2
48.5
72.2
79.5
72.9
96.3
71.1
69.4
84.6
86
74.3
54.7
78.4
94.7
62.1
53.9
57.8
75.7
87.8
61.7
59.9
79.3
62.1
53.8
56.2
80.7
79.1
77.5
71.8
62.7
71.3
71.5
48
89.1
51.6
70.4
60.7
99.6
67.7
72.4
71.5
91.4
59.7
92.2
59.8
58.4
58.8
70.2
82
65.7
52.7
85.4
62.4
62.1
69
67.5
57.4
55.1
88
66.3
65.4
62.7
55.9
68.1
52
65.4
67.7
50.6
66.7
82.8
65.5
66.3
72.9
77
97.3
63.6
89.5
41
64.8
66
63.9
67.8
49.9
69.1
72.4
79.9
81.6
59.9
52.6
58.5
62.4
76
91.2
87.2
62.8
70.9
57.1
82.8
76.4
69.9
60.8
50.9
39.8
63.7
72.7
78.3
45
68.4
68.5
88.1
60.9
73.5
55.4
70.9
70.9
69.5
78.5
85.1
79.4
70.1
67.5
65.5
74.1
83.9
42.6
87.6
87.1
61.9
96.8
74.9
67
67.5
72.6
67
81.3
69.9
83.7
85.2
65.2
64.9
88.5
93.1
74.4
73
61.5
91.6
57.2
53.3
69.6
64.2
58.5
65.4
64.2
95.9
70.4
48.3
90.4
62.7
74.2
82.7
78.4
68
78.6
67.1
74.6
82.1
75.1
68.9
68.1
58.2
64.1
50
92.1
64.9
74.6
68.7
63.7
85.4
64.7
68
71.1
89.3
72.2
88.8
76.6
80.5
70.3
74
62.5
82.9
71
81.2
64.6
92.3
70.4
71.8
57.6
55.4
97.2
57.1
63.4
77.5
65.6
92.8
50.2
67.5
61.3
66.4
56.5
87.6
68.2
52.1
63
53.4
83
73.8
84.6
80.8
72.2
44.7
67.6
47.2
43.8
72.6
56
64.5
66.9
65.6
62.8
74.8
63.2
77.8
74.7
94.8
60.3
69.6
57.3
75.4
71.7
64.5
79.1
87.6
89
77.6
61.7
90.9
68.9
78.9
64.8
75.9
66.6
51.5
85.1
70.9
46.4
64.1
65.3
47.9
85.8
100
51
58.2
80.2
94
81.8
70
72.2
81.8
64
50.6
83
67.5
75.7
65
72.7
61.9
49
52
73.8
67.8
73.7
78.6
70.6
64.1
66
75.1
47.9
73.4
45.8
84.6
75.6
64.3
72
67.7
66.4
51.6
98.2
90.3
48.3
75.9
63.8
65.7
39.9
70
70
74.6
64.3
52.4
77.5
64.6
64.2
47.6
54.2
69.1
61.5
72.1
59
60.4
39.8
57.2
79.1
81.1
54.6
92.1
67.3
73.7
70.4
61.7
80.5
75.5
61.3
70.9
86.3
83.7
56
53.6
74.9
76.7
52.2
71
47
73.9
66.5
64
66.2
66.2
74.4
74.8
59
80.7
72.2
57.7
75.2
73
81.3
62.8
66.7
80.7
67.1
62.8
74
62.6
60.1
64.6
85.5
60.8
70.2
75.8
80.4
76.2
66.7
74.1
62.9
77.1
51.3
63.9
74.6
80.5
60.5
70.1
61.6
44.6
83.6
53.7
72.9
68.7
63.6
73.6
75.9
77.5
71.8
64.9
95.8
85.8
85.5
63.4
47.1
87.4
71
53.1
54.6
70.1
63.6
64.7
70.3
91.4
73.7
59.4
84.1
65.9
78.3
74.8
80.3
60.2
76.9
80.1
60.9
77.2
70.3
100
63.2
55.3
88.8
66.9
59.7
91.1
89.9
60.7
54.5
77.1
86.4
73.8
75
82.4
59.7
69.1
62.2
69.8
60.4
77.3
57.3
72.2
63.7
78.9
70.8
91.7
55.4
69.7
49.4
67.8
78.2
60.6
67.1
89.3
60.3
71.1
61.5
88.4
67.8
69.1
80.3
41.3
66.9
81.3
67.2
51.4
72.8
58.5
75
66.2
66.5
73.5
38.8
71.4
86.9
86.3
65.5
56.3
71.6
62.6
49.3
64.7
85.3
70.7
76.7
77.7
69.8
100
95.8
76.9
91
53.8
89.9
59.8
60
74.3
69.7
71.9
62
70
71.6
50.5
58.3
57.7
80.5
48.3
71.3
79.7
77.5
70.5
70.1
74.7
75.1
77
79.2
54.4
67.6
52.1
51.5
44.5
63.4
80
46.9
59.8
75.3
64.3
67.3
61.8
85.2
78.8
75
54.9
61
61.1
55.5
63.1
77.9
40.9
68.2
71
84.5
59.4
76.1
78.3
65.6
73.7
68.5
74.3
67.2
73
68.7
100
68.9
64.5
72.5
57.8
66
68.2
73.5
89.6
67.3
76.6
64.7
76
64.5
78
51.7
61.5
56.4
66.1
65.9
78.9
78
73.2
85.3
50.1
98.6
71.2
66.2
81.3
82.1
90.7
56.7
77.8
92.8
66.6
59.9
70.8
44
96.6
62.5
81.5
54.6
58.9
39
64.6
69.2
75.1
73.3
85.8
66
70
57.4
63.5
67.1
62.6
64.6
60
77.7
71
68.7
45.8
68.7
66.4
73.8
82.8
66
81
69.5
49.8
74.7
54.7
72.5
67.9
69.2
78.5
66.7
83.1
77.2
99.2
74.3
77.1
63.7
63.5
64
66.8
67.6
78.7
61.5
64
72.9
81.8
78
74.1
70.7
65.6
88.3
87.4
57.4
66.1
79.8
65.1
60.1
65
64.3
69.2
78.1
61.6
65.9
81.5
47.4
76.7
55.6
56.4
72
54.6
60.5
80
83.9
67.8
73.3
76.3
58.1
71.5
77
69.3
63.2
61.4
78.5
48.6
64.1
58.2
60.5
73
69.9
68.1
83.7
95.3
66.6
90.4
77.6
70.6
76
66.2
66.5
74.5
67.6
54.3
68.1
86.2
81.1
72.9
54.9
90.6
70.8
75.7
80.8
32.9
51.7
83
61.6
70.6
79.1
77
63.8
43.4
63.1
65.8
70.8
80
47.7
71.6
54.7
55.5
59.8
65.2
58.3
79.9
86.6
65.7
77.7
73.1
97
69.4
52.5
67.5
68.8
68.9
84.4
67.8
50.6
48.8
64.8
64.3
94.4
46.5
50.6
79.8
80.1
58.4
81.4
52.8
46.8
65.6
62.3
59.3
76.8
81
76.8
61.3
74.9
93.5
63.1
74.7
60.9
76.1
47.9
68.8
66.4
69.1
47.2
62.2
62.9
77.2
58.7
86.1
90.2
61.6
69.6
69.6
68.6
87
57.9
56.3
68.8
49.7
65
77.2
67.4
68.2
93.7
78.9
62.8
76.9
74.9
50
48.5
53
47.5
60.5
61.2
61.9
59.1
35.5
59.8
60.6
41.4
67.4
55.6
69.4
44.4
56.1
75.9
65.6
87.2
61.6
57.5
71.7
56
35.8
66.3
66.4
55.8
67.2
69.5
66.2
60.1
86.3
50.6
70.2
87
47.7
79.9
100
59.5
81.8
59.5
62.3
60.9
58.7
59.9
82.9
68.1
62
85.6
80.4
53.7
46.6
72.7
80.4
81.2
73.4
61.3
63.5
73.3
76.6
90.6
81.1
75.5
74.4
100
84.2
88.5
49.1
78.4
73.5
52.1
60.6
74.1
63.9
51.1
54.4
79.5
86.2
58.9
75.4
58.4
57.2
93.5
73.1
73.4
41.8
54.9
64.2
61.2
64.4
76.6
73.2
88.1
65.5
70.9
67.6
41.7
89.5
53.9
76.3
60.5
92.3
47.8
50.8
83
84
56.9
66.2
61.1
78
40.2
68.5
64.7
84.2
64.5
47.8
34.5
42.3
91.7
67.7
89.4
40.7
78.7
72.1
53.4
60.6
56.9
70.6
92.8
56.3
59.2
82.1
58.8
68.7
53.1
61.4
70.5
55.3
79.8
49
78.1
56.9
75.5
71.1
56.8
48.2
72.4
64.3
65.1
68.4
60.3
71.8
53.9
55.9
60.7
48.5
73.1
66.3
53.4
61.9
87
50.6
69.4
73.9
62.2
59.5
58.7
80.1
57.6
65.7
73.6
61.4
78
64.5
70.9
54.2
73.5
70.9
62.5
84.4
73.4
68.9
68.9
61.4
58.7
63.5
59.2
60.7
59.7
63.8
70.7
65.3
87.4
61
78.4
65.1
59.7
48.5
71.9
58.9
71.2
54.4
54.3
86.5
49.8
74.7
68.3
86.2
86.2
84.8
87.1
67.3
70.3
73.6
69.6
58.7
68
31.6
58.5
36
72.8
72.4
59
56
57
42.2
69.1
70.2
82.2
59.1
83.3
73.9
74.8
76.1
84.7
64.7
66
78.4
68.9
68.1
58.3
60.5
69.8
58.4
77.1
73.2
65.4
82.6
63.2
90.8
83.4
56.1
77.1
87.8
82
85.8
60.1
76.5
69.6
74.6
59
48.1
63.9
68.5
73.7
82.3
90.3
48.7
47.7
77.3
97.9
79.5
67.8
71.6
66.5
62.2
90.4
82.6
78.2
82.1
72.5
79.5
79.5
67
79.1
46.3
82.3
75.1
94
74.4
66.4
82.7
77.1
74.2
65.4
63.4
72.4
69.8
81.2
85.5
32.1
97
71.6
79.4
56.1
84.4
66.4
54.2
53
55.7
91
80.8
58
68.8
74.2
64.9
76.9
74.3
79.4
60.1
49.4
75
92.2
67.1
49.3
89.6
51
80.4
55.1
72.5
69.4
75
71.6
81.8
58.8
61.1
79.4
74.8
70
52.7
41.9
73.6
78.1
69.6
63.9
60
68.5
61.3
74.2
54.8
67.8
69.1
79.8
85.5
69.9
59.5
60.3
84.5
85.3
90
60.2
66.6
60
65.5
72.6
44.2
70.3
64.9
55.4
78.5
73.4
65.6
71
85.6
69.8
58.2
73.2
67.8
67.9
70.2
71.3
62.6
85.2
71.3
64.2
67.4
94.8
57.6
66.4
53
64.7
84.7
51.3
55.5
60.5
79.1
64.6
58.4
71.9
79.3
84.5
67.7
31
71
60
63.8
65
67.1
70.6
75.8
55.6
77.9
86.6
62.3
54.5
70.6
58.4
62.1
64
72.8
58.4
57.6
61
72.3
76.3
72.4
70.5
70.1
58.2
55.7
100
72
72.2
60.3
67.3
72.5
42.3
67.5
74.3
81.1
64.4
61.6
63
70.8
66.2
86.4
63.1
51.3
73.7
64
74.7
46.9
54.7
74.2
72
74.9
70
56.4
46.1
47.7
71
58.6
60.8
77.1
68.1
81.9
59.1
45.6
75.2
58.2
62.2
52.5
65.6
69.7
55.2
74.7
69.9
48.6
93.7
73
61.1
58.8
84.7
66.5
66.2
45.9
74.6
77.3
56.6
59
69.6
62.7
67
66.8
67.5
62.1
77.1
71
78.5
60.8
61.1
76
88.3
53.1
74
80.7
54.3
58.7
54.3
76.7
59.6
68.4
78.7
66.9
54.2
58.4
73.5
72.6
58.9
65.3
48
70.9
52.4
51.3
74.5
74.8
66.4
76.7
81.2
81.2
64.7
56.2
69.4
73.1
75.3
71.9
75.3
76.8
68.7
60.2
87.4
56.6
92.2
72.7
59.4
63.8
66
75.6
45.6
63.9
66.5
65.4
55.2
64.4
67.5
64.5
75.3
57
64.7
79.1
85.5
41.6
94.5
64
65
63
74.9
67.5
78.3
96.1
89.7
70.9
88.2
71.7
82.9
47
59.1
58.1
72.8
48
93.3
82.8
54.4
64.7
83.2
83.3
66.7
68.6
50
70.6
65.5
84.9
68.6
76.4
61.6
54.3
76.8
54.9
61.5
67.9
56.3
53.3
66.8
73.1
44.8
86.3
56.9
89.8
80.8
78
54.5
57.5
41.7
70.9
78.3
52.6
58.4
63.5
93
81.4
63
90.3
69.6
73.7
55.2
70.4
55.4
62
83.8
73
75
59.7
51.4
52.2
63.5
54.2
64.5
67.3
64.8
60.6
65.5
71.8
67.1
78
79.3
62.6
66.8
66.6
80.9
56.9
94.9
77.3
69.2
75.3
80.2
67.2
72.8
58.5
76.6
48.2
68.4
75.8
76.2
55.3
67
74
73.8
86.7
59.1
90.7
70.6
61.2
72.1
59.2
47.1
78.7
65.1
65.3
82.3
64.6
65.5
60.3
67.6
65.8
78.3
49.4
67.2
79.1
51.5
66.8
74.7
58.5
64.9
62
87.3
79.5
61.4
78
71.1
83.2
65.7
65.9
72.3
71.8
80.5
69.3
55.9
94
67.6
62.9
84.4
57.2
62.8
55.6
86.3
80.2
66.9
85
55.8
68.4
83.4
56
55.8
73.5
84.1
55.7
74.7
76.9
59.8
65.2
85.3
57.4
57.2
81.5
82.9
78.8
65.3
67.9
67.9
69.3
79.8
56.4
83.9
56.8
81.4
91.6
71
76.3
88.1
61.5
54.6
72.7
97.2
84.2
88.2
78.1
74.7
81
62
52.1
75.5
62.4
68.3
65.4
90
54.2
78.1
67
69.8
67.7
82.7
55.9
86.1
64.8
58.2
51.9
63.8
62.8
67.7
64.8
93.7
84.1
89.1
83
92.5
82.7
74.8
51.5
76.9
63.6
56.2
79.2
82.7
61.8
72.7
64.9
73.4
42.1
81.7
78.6
83.1
42
77.4
41.4
77.4
68.8
56.6
81.6
55.6
62.3
53.7
82.5
75.2
76.8
73.8
73.5
41.7
77.3
94.3
56.7
68.6
60.1
74.7
69.8
77.3
74
93
99.8
79.3
55.7
75.5
70.3
82.5
85.8
72.5
65.8
81.9
70
59.1
77.2
66.3
86.9
73.5
56.8
64.9
55.7
69
74.2
55.5
65.2
84.9
77.7
67.4
69.1
84.9
74.9
52.2
70
66.6
68.3
67.2
80.5
54.4
66.5
63.8
83.3
37.4
76.2
52
74.3
87.8
73.1
56.3
64
75.7
56.5
65.9
89.8
71.3
73.5
79.7
67.9
63.5
59.5
59.8
67.9
78
72.4
74.8
60
62.8
75.9
50.7
53.2
59.1
69.7
53
70.7
71.4
61.8
60.7
87
60.8
43
70.9
67.5
77
77.2
60.5
60.5
68.2
87.9
61.6
82.4
46.5
50.8
69
64.7
71.4
62.4
77.5
70.1
79.5
76.6
75.4
71.1
54
69.7
66
71.5
79.4
64
67.3
51.4
78.7
72.8
52.7
79.5
73.4
54.5
60.1
72.1
100
72.4
60
56.2
80.8
62.9
60.1
100
80.2
51.3
79.2
56.7
100
61.6
59.8
72.4
50.2
66.3
53.7
52.6
58
51.4
73
82.3
53.9
61.8
88.8
54.6
63.7
55.5
31.2
49.5
62.1
67.7
57.1
73.2
77.5
52
72.4
55
57.8
62.7
69
82
70.5
61.5
53.6
67.8
58
58.2
82.3
69.2
64.9
49.3
53.8
60.9
91.6
89.5
63.2
99.6
57.7
66.6
65.7
71.3
85.1
83.3
62
71.3
49.5
70.7
72.3
65.6
75.9
43.3
79.5
50.5
67.7
61.1
73.4
74.2
67.2
57.5
74.6
57.8
65
66.1
57.4
49.7
53.3
66.9
70.1
91.3
51.2
79.6
66.8
79.4
64.5
71.5
80.9
87.7
52.8
76
70.7
59.6
59.8
74.9
73.1
85.1
65.1
66
53.2
42.9
54.3
83
43.5
62.3
76.6
61.8
72.5
78.6
69.3
45.7
65.1
59
83.9
70.9
81.5
61.9
81.3
74.1
69
61.3
84.6
59.5
57.2
78.5
64.9
78.1
48.3
57.9
87.1
75.8
70.5
79.3
84.3
49.7
74.9
65.6
73.6
81.9
59.2
47.4
61.1
77
62.6
73.7
66.2
62.4
73.1
63
57.3
75.7
66.4
61.3
57
71.2
68.7
80.5
58.3
78.6
84.5
52.2
43.1
63
73.1
59
71.4
61.2
79.5
69.1
62.7
68.9
70.1
63.4
50.1
44.9
53.7
41
66.1
59.4
43.7
60.7
44.8
69.9
62.3
68.2
57.6
59.8
74.2
78.2
63.2
76.9
56
97.3
68.7
70.2
81.7
52.2
52.8
42.6
62.8
70.6
66
89
67
68.1
58
61.3
63.2
52.9
77.2
72.4
59.4
65.7
66.7
73.6
43.1
82.2
67.9
80.3
69.1
62.6
76.2
68.5
61
61.4
60.9
60.2
59.1
74.2
60
71.8
65.6
39.9
68.2
74
88.7
67.7
74.8
87.9
57.3
66.1
73.5
85.9
61.6
61.9
80.4
71.9
70.4
76.6
62.4
62.1
37.9
70.3
59.1
69.1
71.3
63.8
62.2
69.7
67.8
96.3
92.6
59.9
72.7
71.6
72.4
62.5
74.7
71.3
70.9
69.2
69.6
57.1
65.8
68.5
51.9
62.3
58.8
54.6
69.4
87
71.6
79.3
98
67.5
64.6
68.4
64.1
73.2
65.8
69
80.4
67.2
69.5
69.6
82.4
65.9
65.1
98.7
53.3
54.9
51.4
95.9
64.3
84.4
88.8
72.1
59.9
64.2
70.8
63.7
84
52.6
73.9
56.6
76.7
65.4
70.6
50.2
65.5
68.4
80.2
63.4
80.1
75.7
82.2
63.5
72.7
75.7
76.9
86.2
46.9
65.6
90.6
64.4
70.1
91.6
86.8
44.2
48.4
69.4
68.2
84.1
89.3
64.3
56.9
57.4
58.6
67.6
38.5
76.6
75.2
85.6
67.6
68.4
73
76.1
62.1
80.8
74.4
81.5
58.3
46
73.4
89.4
77.6
71.4
55.3
71
66.1
64.3
56.7
92.6
73.1
60.4
60.4
76.9
74.9
77.9
78.7
65
82.6
75.6
71.3
46.8
76.9
89.2
80.8
61.2
68.7
69.6
52.5
84.3
70.4
51.3
78
77
69.7
56.6
90.7
90.3
74.5
66.2
61
81.6
66.5
88.6
68.9
77.4
73.5
77.1
79.7
100
80.5
76.1
58.9
68.9
78.6
67.6
76.5
75.2
74.3
65.8
63.4
56.6
52.8
75.3
63.1
93.8
50.1
50
67
55
68.9
73.1
77.9
48.8
76.8
61.4
74.1
90.1
67.1
61.6
77.3
73.2
72.8
70.6
68.1
89.8
62
70.3
30.6
60.8
80.8
86
62.2
60.3
65.1
79.6
54.6
64.5
68.4
96.1
83.9
69
63.2
71.4
74.3
72.6
61.9
66.3
82.7
58.7
81.1
55.4
81.6
86.8
64.9
56.2
93.7
57.3
77
49.3
58.1
57.8
60.6
64
64.8
72
74.7
86.1
70.7
65.6
90.4
55.1
58.4
73.7
79.6
44
85.6
72.8
70.1
88.8
78.2
69.2
60.9
73.9
80.4
68.6
46.6
69.2
77.2
50.4
62.3
58.8
48
73.4
88.4
73.5
64.1
41.3
69.4
77.3
70.5
50.1
75.1
81.5
74.7
45.6
100
65.7
62.2
52.9
77.3
71.2
45
81.5
59
84.5
69.1
72.5
64.9
54.4
75.2
52.5
68.5
48
49.3
69.9
65
51.5
68.9
100
60.1
57.6
73.5
84.4
79.9
63.8
54.9
70.6
62.6
49.5
49.7
53.3
50.6
83.8
75
54
72
64.1
60.1
73.3
85.5
74.8
56.1
76
82.7
91.6
71
82.5
80
59.5
70.2
69.3
72.9
77.7
68.2
90
83.2
69
81.9
59.9
56.6
83.3
93.6
70.4
68.5
63.8
60.7
66.3
58.6
63.4
65.9
60.8
54.6
61.2
65.6
61.5
78.1
69.5
62.2
59.4
76.1
93.2
61.7
73
62.3
38.8
100
42.9
47.4
71.3
67.7
75.3
81.7
66.1
64.8
62
78.9
77.2
51.1
62.1
74.8
70
89.6
68
50.2
72.7
59.1
73.9
81
66.7
56.2
60.4
70.1
65.7
64
86.1
77.4
59.3
68.7
82.1
48.7
74.1
43.1
89.3
64.7
100
80.7
70.4
57.1
47.7
70.9
61.2
76.9
59.5
57.9
78.9
65.5
61.7
70.9
79.6
83.9
46.6
82.2
93.4
79.1
52.7
69.6
45.1
75.7
70.8
68.1
65
60.6
37.5
42.8
51.7
78.4
71.5
78.1
70.7
67.8
57.7
66
59.1
61.6
66.1
69
65.4
54.4
72
76.3
80.3
76.4
70.8
84.8
80.7
56
54.5
41.4
62.9
54.5
87.2
61.4
95.4
76.8
71.1
93.1
63.3
66.1
60.5
56.6
64
80.9
77.2
56.5
85.9
55.5
84.7
57
82.8
53.3
62.1
59.4
77.8
59.9
62.1
83.7
80.3
64.9
67.1
70.7
54.7
55
56.8
68.3
78.4
78.7
83.9
65.7
77.5
73.5
52.9
59.5
57.3
86
85.2
89.3
52.4
63.3
87.8
63.8
47.5
65.5
58.5
78.2
71.5
77.2
63.2
59.6
73.2
67.3
56.3
71.8
95.6
59.7
81.6
47.8
76.2
62.8
65.4
82.3
73.2
95.3
72.3
63.3
67.5
41.1
80.2
88.6
57.3
51.6
79.3
76.8
60.8
63.6
77.9
83.6
49.7
59.2
76.5
77.9
51.7
86.7
49.6
64.4
72.1
59.6
70
81.6
64.6
69.4
86.3
63.5
51.6
85
67.6
54.8
67.7
55.4
66.9
48
83
45.4
86.9
77.6
70.9
46.4
79.5
54
84.9
74.7
68.2
62.2
74.1
62.8
78.7
60.7
70.9
63.6
55.2
52
65.5
56.1
63.9
58.4
67.9
81.7
78
67.2
69.7
39.1
71.3
62.2
71.4
61.3
70.1
87.3
84
69.2
66.6
70.7
57.3
69
83
66.9
50.4
77.4
59.7
71.3
90.4
52.5
61
74.7
56.7
63
63
60.8
60.1
69.9
65
86
73.8
72.9
78.9
53.4
56.5
84.5
61
62.8
52.3
81.3
94.9
55.5
66.5
67.3
81.2
65.6
73.1
89.8
49.9
59.4
86.4
50.2
62.5
88.1
59.9
71.1
70.2
68.3
71.7
74
64.9
62.2
61.5
46.2
70
75.6
82.4
70.1
63.2
54.2
44.1
74.8
66
61.7
68.2
74.4
43.5
82.8
49.5
56
77.4
71.3
57.2
61
45.6
73.3
53.2
90
71.8
61.5
65.1
75.1
66.4
68.1
66.3
44.1
79.2
48.1
73.2
64.7
53
59.1
66.4
76.7
91.6
73.9
65.9
74.3
67.2
80.8
60.6
64
74.9
58.5
73.5
75.2
67.6
49.4
73.1
75.2
45.8
56.8
63.6
97.4
75.7
72.7
69.1
70.3
64.1
58.9
66.1
76.1
100
82.3
68.9
48.1
91.3
80.4
100
85.4
54.9
50.6
74
54.8
65.5
56.4
78.3
71.7
74.6
92.6
86.3
92.9
75.8
81.2
77.8
35.7
73.9
61.9
72.7
74.8
82.7
83.6
87.1
64.2
69.5
89.1
63.7
79
74.4
69.4
64.4
83.3
50.3
64.6
63.5
61.4
67.3
69.7
74.6
43.3
72.5
62.8
64.7
89.2
82.1
45.6
100
65.1
55.9
68.2
73.5
66.6
57
83.2
64
62.1
65.6
84.8
76.9
70
55.9
81.2
62.4
77.7
55.7
60.4
70
65.3
66.3
48.8
78.2
76.9
63.3
67
79.7
76.2
72.4
51.6
64.1
71.1
52.5
83.5
65.2
53.3
48.4
86.5
70.3
72.5
59.7
88
75.3
71.3
72
65.8
69
74.7
79
69.3
83.6
71
86.6
61.8
68.7
69.6
87.5
68.4
59.2
68.3
91.6
72.4
66.2
47.6
83.7
71.2
77.4
69.3
62.1
64.1
69.5
72.3
80.6
79
93.1
50
78.5
71.4
76.4
56.6
69.6
52.1
76.6
72.1
63.9
70
59
75.2
69.6
71.1
63.2
70
65.9
57.8
51.1
61.8
88
68
46.8
48.1
47.7
51.2
68.1
63.1
77
58
66.3
56.5
39.9
78.3
63.5
80.7
78.5
77.7
57.1
48.2
77.5
69.6
55.6
71
95.5
67.3
56.9
83.5
59.1
95.4
70.1
83.4
84.7
81.6
65.3
74.1
54.6
67.2
72.4
78.7
82
69.8
64
59
69.3
59.3
77.1
69.9
70.4
71.9
72.8
47.1
65.9
85.5
47.1
71.4
80.5
79.3
73
85.4
63.7
50.8
52.2
68.8
54.8
55.7
64
93.6
74.9
74.3
60.5
66
50.3
61.4
59.5
63.6
65.3
88.3
57.9
60.4
55.5
56
61.3
68.1
41.5
74.3
50.1
52.6
100
63.6
57
62.3
59.9
80.9
80.5
66.7
47
70.4
89.4
78.6
81.1
85.6
67.3
76.3
43.6
75.6
75.1
92.1
73.9
48.9
73.3
57.7
72.4
79.1
62.4
50.4
63.5
77.4
75.7
90.3
72.9
62.3
53.1
84.2
74.6
82.4
70.5
74.1
63.3
71.1
81.7
67.3
47.9
62
57.9
56.5
57.8
73.3
68.8
63.7
89
56.2
66.4
47.3
88.9
66.3
52.6
58
63.7
77.8
85.5
75.1
77.4
50.1
84.5
74
90
56.1
63.1
69.1
77.3
80.5
90.8
57.1
61.2
37.5
77.2
68.3
65.2
87.2
89.8
69.1
57.1
48.8
72.9
67.9
53.7
78.9
91.4
43.5
64.4
53.8
57
59.1
73
71.5
55.3
54.8
84.8
67.6
71.5
76
71.1
64
68.7
86.9
57.3
75.4
70.5
77
80.2
75.7
69.9
66.3
47.4
80.5
54.2
75.7
53.1
82.3
71.4
65
77.4
62.2
94.7
60
85.8
75.9
46.9
64.5
52.7
65.7
60.4
67.6
77.7
82.1
82.8
92.1
70.2
80.1
77.1
74.6
73.7
33.1
68.9
53.7
50.9
67.8
69.5
55.4
68.4
68.5
53.3
80
87.1
60.7
57.8
95.3
60.4
70.3
55
77.9
60.4
66.7
87.2
80.1
85.3
63.9
98.3
73.7
43.9
74.8
34.2
73.4
58
52.2
47.9
68.7
47.4
61.6
70
84
72.4
69
56.7
58.3
43
69
52.4
78.5
51.8
84.9
64.8
56.6
77.2
68.6
92.1
69.6
75.9
85.3
76.5
79.6
63.4
68.6
78.3
53.6
77.1
66.2
86.4
75.5
90.7
80.9
73.3
94.8
73.2
82.1
47.8
57.5
60.4
67.2
61.3
82.1
77.7
68.5
67.3
73.6
59.1
59.1
53.9
81.1
64.7
74.8
61.1
69.4
75.6
49.6
70.7
86.6
64.2
56.5
71.6
86.6
78.8
85.4
57.9
53.8
75.8
65
50.1
42.3
66.9
70.7
66.6
59.3
69
69.7
76.8
82.3
56.3
63.5
72.4
68.7
74.9
65
62.8
83.3
60.6
48
55.1
50.9
67.4
84.7
69.2
59.8
58.3
56.8
93.4
85.8
76.4
77.8
69
82.2
82.1
61.1
55.1
64.6
60.8
63.8
48.3
63.6
62.5
80.9
40.1
72.6
54.7
55.2
77.4
62.1
38.1
72.7
67.9
48.9
65.6
25.2
70.6
68.8
62.6
62.3
70.5
64.6
62.6
72.1
48
70.6
66.1
67.1
63.4
68.7
65.8
67.2
69.3
69.3
58.9
83.3
64.1
84.7
80.5
79
56.5
75.3
65.3
67.6
47.7
72.1
74.5
73.3
68.3
45.5
74.6
56
68.8
74.9
68
85
56
84.9
60.3
73
66.7
61.7
40.3
56.7
80.7
84.1
66.4
68.7
63.9
82
90.6
68
65.8
68.9
86
65.2
62.3
76
72.6
58.1
81.3
76.1
63.5
65
59.1
81.5
61.8
64.4
67.1
49.3
66.9
81.6
75.1
43.5
82.6
71.7
73.5
73.7
71.2
92.8
62.5
50.7
52.7
82.4
56.1
84.1
75.5
48.8
61.2
63
59.1
48.8
63.7
88.8
76.4
48.4
80.6
66.1
57.8
67.7
72.3
83.2
85.9
79.7
76.1
55.1
74.4
54.9
70.6
48.5
92.4
97.4
60.6
86.9
68.5
87.3
58.6
64.1
63.8
67
61.2
71.4
54.1
89.8
60.5
70.8
73.1
78.7
87.7
56
83.6
64.2
88.6
76.9
84.8
71.4
72.7
80
90.3
79.5
74.3
54
66.1
70.4
79.5
77.8
62.9
75.2
68.8
53.7
66.3
62.2
59.6
79.1
63.9
100
44.4
63.4
79.7
70.4
66.1
84
82.8
63.2
65.2
80.8
67.6
68.4
74
68.4
72.6
70.2
76.8
66.8
64.3
82.7
61.3
57.9
65.6
57.7
62.7
68.6
61.1
79.3
53.4
71.8
80.2
62.5
54.6
58.2
60.4
64.5
89.7
67.1
62.3
75.1
53.4
54.3
55.3
79.2
86.1
67.2
57.7
68.5
67.4
76.1
66
66.2
77.8
87.6
75.7
60.8
70.6
66
40.1
84
83.9
57.2
74.4
78.7
83.3
66.8
76.9
74.8
67.3
77.3
67.2
88.6
55.2
73.1
71.6
62.2
55.4
66.8
85.4
93.4
68.5
81
83
66.4
55.5
81.3
65.8
57.7
78.1
67.8
57.5
74.9
60.8
51.8
55.6
73.8
67.8
62.1
81.9
65.6
87
80
79.1
71.9
80.7
65.7
76.3
66.6
53.7
81.1
52.7
84.8
63.7
59.8
53.5
53.6
88.2
82.5
57.5
65.5
66.7
58.6
76.4
69.1
56.9
73.2
69.2
76.1
75.8
71.8
64
57.8
54.6
66.5
79.4
66.9
68.2
100
56.9
51.4
83.9
69.9
70.1
100
93.7
92.1
84.6
63.4
71.9
58.1
51.6
87.1
85
91.6
58.1
72.2
82.4
88.2
60.1
68.5
60.7
60.7
56
80.7
66.4
45.2
70
67.6
51.4
44.8
75.5
64.6
83.9
71
77.2
69.3
59.5
57.2
66.3
53.2
74.6
66.4
58.5
68.1
77.1
78.3
77
55.5
56.4
85.1
73.4
79.2
80.9
54.2
82.8
77.3
75.8
62.8
59.8
68.3
84
73.9
50.8
76.8
69.2
53.3
71.8
73.8
68.4
61.2
92.2
73
69.1
54.2
67
69
72.6
66.6
68.9
64.6
83.5
69
63.5
86.5
69.5
81.3
72.8
75
60.6
57.6
60.4
59.7
60.7
64.5
67.6
65.4
79.5
77.3
66.2
55.7
65.5
86.1
66.1
61.1
61.5
54
57.7
58.6
75.2
59.9
87.7
60.8
50.6
74.7
48.8
72.6
71.4
73.2
59.4
82.9
70.3
70.2
70.2
50.2
69.4
59.2
66.7
65.1
80
81
70.7
89.3
83.5
87.1
82.1
64
53.6
46.8
76.9
65.3
79.5
81.5
61.4
82.7
54
71.4
63.4
68.6
60.1
60.6
56.5
76.1
68.1
38.1
90.8
57.4
51.8
86.3
73.8
53.2
77.2
69.9
77.6
68.7
55.5
62.9
53.6
66.4
76.1
57.9
63.9
91.3
81
78.2
69.8
75.4
59
81.1
64.5
76.7
57.1
61.8
69
51.3
58
50.9
56.4
70.8
69.7
46.8
64.2
45.1
81.1
69
67
75.7
71.7
61.5
55.8
72.5
51.6
76.5
57.9
70.1
54.1
74.4
83.2
66.9
49.5
64.2
69.2
79.6
79.6
28.3
62.8
65.5
69.4
78.5
55.3
87.3
65.3
49.6
79.8
66.9
77.4
83.6
65.3
71.1
78.7
69
63.5
78.7
60.5
84.5
49
53.1
90.7
50
74.3
57.1
63.6
75.7
56.4
61.8
87
93.5
64.5
74.6
55.7
74.2
73.2
58.4
75.4
74.7
71.3
71.5
77
54.2
72
91.9
56.3
67.8
63.1
90.5
82.8
74.2
64.2
74.8
65.5
81.3
74.4
70.1
30.9
76.9
71.7
82
64.5
85.6
71.6
47.4
59.7
68.9
67.4
57.8
68.1
69.1
77.6
84.9
82.4
55.7
97.9
85.7
48.7
78.5
81.9
71.7
65.5
53.9
67.1
76.8
73.6
85.7
71.8
75.8
47.1
63.1
81.3
62
62.3
59
86.5
80.4
45.5
54.2
66.5
62.6
67.7
49.1
70.7
58.6
60.1
59.1
53
71.4
100
95
80.3
90.6
68
59
47.1
59.6
80
63.6
59.1
69.5
66.4
71.6
86.5
65.6
59.4
87.7
73.9
70.6
58.8
79.2
65.2
55.2
68.6
70.4
51.7
99.5
43.5
50.4
48.9
63.4
75.4
46.8
62.9
69.8
76
66.4
72.8
77.7
77.7
54.2
69.5
38.3
55.6
45.7
54.5
66.2
50.6
74
60.6
70.9
71.7
57.8
69.2
80.9
80.5
68.7
61.2
60.1
72.1
59.5
82
50.6
41.2
86.8
61.1
62.7
67.2
69.9
57.1
88.3
80
55.7
68.9
62.3
66.3
38.3
66.2
63.2
79.4
71.1
78.9
82.4
68
64.3
71.6
68
44.7
68.8
84.5
46.5
85.2
71.6
60.1
95.3
65.6
64
79.8
91.1
66.5
65.9
49.2
77.7
33.4
52
55.4
86.9
88.6
78.7
55.9
55.5
70.9
69.4
79.2
60.3
72.7
79
84.9
77.2
79.2
74.1
73.4
60.2
50.9
65.2
79.6
72.4
81.2
70.6
75.6
54.4
75.1
57.6
85.2
83.7
64.9
73.8
69.1
81.7
71.6
73.5
62.6
66.5
69
65.3
87.7
61.5
53.9
56.5
68.8
58.1
50.9
72.4
64.8
68.9
64.3
87.5
82.6
71.4
97.9
51.9
62.6
54.8
57.3
82.6
74.9
54.2
69.2
100
76.8
83.8
66.4
51.2
90
83.2
63.5
71
68.4
56.3
46.8
81.1
67.6
62.1
59.1
77.6
59.7
79.7
77.6
51.8
51.8
58.5
54.2
68.4
58.3
87.5
68.1
61.7
89.3
90.1
87.9
71.8
53.9
85.9
68.3
78.1
62.1
77.9
46.5
78.2
75.8
65.8
79.7
79.3
58.1
76.3
58.1
77
84.6
60.8
59.6
59.4
60.5
53.1
94.3
72.2
66.5
74.1
60.7
60.9
60.7
64.8
68.5
50.9
70.1
56.1
66.2
58.3
45.4
70.9
93.4
65.3
72.2
79.4
66.6
61.6
53.2
73.7
72.6
79.2
75.1
55.5
56.2
68.1
52
63.7
77.6
58.6
66.1
63.9
60.7
57.6
64.4
78.5
56.9
72.2
72.9
77.4
76.8
66.1
72.9
81.1
66.6
61.7
49.8
78.1
82.4
75.2
48.4
56.9
79.7
51.1
60.9
70.9
78
100
69.5
75.8
64.2
61.1
47.3
75.3
83.8
70.9
67.8
47.7
57.3
61.6
72.8
77.8
64.2
70.4
68.2
52.1
76.1
75.3
99.2
48.2
49.3
76.1
70.8
53.9
64.7
65.2
74.4
88.8
64.5
83.2
75.4
73.8
71.5
52.7
56.5
51.7
69.7
83.1
53.3
66.9
47.7
58.6
73.9
50.2
79.7
76.3
71
55.9
68.9
85.2
50.7
77.9
66.4
44
50.5
56.8
71.2
78.1
71.5
50.7
82.5
64.2
52.9
60.2
69.6
60.5
51.3
62.1
87.1
71.1
74.2
75
73.4
60.4
73.2
80.3
63.8
63.1
80.5
84.8
97.7
54
57.5
69.2
76.9
79.4
72.2
85.4
69
52.6
66.6
67.7
55.9
91.8
55.9
78.9
94.6
58.6
66.3
61.1
71.7
68.2
56.6
63.9
73.6
46.7
59.5
63.1
63
76.5
63.8
73.2
63.1
37.8
55.7
66.3
72.8
67.3
62.8
79.7
60.8
60.7
48.7
77.1
93.9
82
59.4
59.8
80.3
63.6
66.8
80.7
83.8
74
69
70.1
79.2
83.6
70.2
75.5
50.9
58
73.9
70.2
57.2
77.4
84.3
42.4
72.8
46.5
67.4
69.5
67.3
68.2
74.3
59.5
94.5
42.4
83.8
63.2
72.9
67.7
92.9
69
60.2
78.8
77.7
65.2
65.8
78.3
91.2
84.3
85.4
92.2
61.5
52.4
46.5
68.8
68.2
62.5
54.6
83.6
61.6
59.1
81
57.8
62.7
67.8
75.9
76
71.9
71.5
57.2
56.7
62.3
74.6
56.8
74.1
54.6
80.4
71.8
86.3
70.4
75.1
73.9
77.7
76.1
77.2
92.7
74.9
61
72.4
65.2
59.9
36.2
62.6
91.5
74.3
58.8
72.1
76.6
79.4
57.3
70
36.5
75.1
87.6
51.1
87.5
57.1
80.5
83.3
59.7
60.1
81.1
57.4
80.9
80.3
80.9
88.3
67.2
57.5
82.1
75
79.1
59.5
60.8
59.2
69
70
74.4
73.1
53.1
68.8
62.7
53.2
71.6
59.7
66.7
80.8
75.7
74.1
67.6
81.7
53.8
68.2
60.4
86.4
73.7
56.4
71.9
68.1
74.5
62.5
73.8
80.8
64.8
68.4
58.1
73.1
43.2
55.4
89.3
90.5
73.4
41.8
60
50.1
100
65.1
58.2
63.7
47.6
57.2
49.5
63.7
64.9
80.2
71.5
52.1
90.9
70.6
85.9
44.3
71.6
60.5
47.4
33.3
68.5
68.7
75.4
69.1
67.3
57.5
53.8
80
85.7
58.9
79.1
54.8
52
58.5
80.2
81.5
71.6
71.7
74.5
60.8
76.6
64.8
59.3
68.7
92.6
81.5
66.1
100
87.4
76
75
75.8
81.3
61.2
60.8
62.6
72.3
74.3
68.5
76.8
79.8
66.8
46
61.4
40.6
52.5
64.3
73.2
59.8
76.4
81.4
77.5
53
56.6
69.8
53.7
91.1
85.7
82.4
68.7
67.8
53.8
61.7
68.2
71.7
65.8
72.7
62.6
92.9
74
64.3
67
83.4
65.6
43.4
48.2
74.2
56.1
85.8
65.3
70.6
64.3
75.6
63.6
67.9
63.4
61.4
73.6
59.4
50.3
53.5
92
71.1
86.9
54.5
70.4
71.8
75.9
61.5
75.1
72.5
74.9
71.7
77.2
80.7
61.4
62.3
74.1
77.6
73.1
54.7
86.1
53.6
74.2
59.2
69.2
84.1
64.7
77.2
74
75.1
62.3
56
53.3
55.3
79.8
74.9
73.6
85.9
89.1
54.2
69.4
79
90
58.6
63
71.4
52.6
76.5
73.5
65.8
67
44.8
55.4
76.1
71.4
74.6
59.7
65.9
73.9
51
54.2
64.1
77.9
66.9
82
63.9
78.2
73.4
47.4
64.6
65.4
68.4
70.3
73.8
78.6
59.2
50.1
76.9
70.4
70.5
90.2
53.2
88.5
67.8
52.2
46.8
68.3
73.6
61.3
51.1
73.4
70.4
100
87
58.6
74.1
51.5
66.4
86.7
74.9
80.4
46.6
75.1
78.2
48.3
52.8
76.2
73.9
59.6
41.1
55.9
82.7
79.6
76.8
79.4
67.8
90
81.5
68.1
74.9
59.8
71
68.9
60.1
52.9
66.9
79.9
54.2
60.8
37.7
72.6
67.7
78.7
73.2
70.9
55.6
48.8
74.6
59.8
67.1
79.1
83.7
77.5
61.9
71.5
68.9
65.8
79.5
83.4
84.2
47.4
80.9
68.6
85.3
77.4
74.7
85.8
64.8
70.5
36.4
69.1
55.2
80.8
97.3
49
85.1
62.5
86
64.1
85.2
76.9
70.3
79.1
88.4
54
65.8
74.1
50
90.2
79.5
72.4
64.4
72.7
67
63.8
57.7
79
73.8
59.5
74.7
67
67.5
63.6
39.5
87.9
36.6
93
66.9
63.6
90.8
71.3
60
58.9
74.8
72.6
62.8
76.6
66.3
77.5
87.5
70.6
60.9
56.5
65.1
52.3
76.2
75
55.3
75.6
65.7
80.3
69.4
59.2
50
45.8
65.2
70
73.1
62.4
67.7
73.5
50.4
67.4
90.6
70.5
90.9
73.1
79.5
72.4
59.5
71
81.4
61.4
80.3
64.1
62.7
73.6
82.3
75.5
100
93.4
73.9
100
60
74.4
80.6
58.8
68.7
59.3
86.9
84.1
50.4
63
91.6
67.5
70.7
83
69.2
64.1
68.8
77.7
42
72.5
69.5
56.8
44.9
65.2
63.9
44.8
76.1
73.1
79
70.7
62.2
81.5
40.4
60.2
51.6
56.5
74.2
73.8
69.2
48.8
69.5
87.6
54.9
72
81.4
81.1
80.6
71.4
46
85.3
82.8
50.5
57.6
81
92
87.6
70.4
63.9
79.3
57.3
59.5
71.3
75.6
67.5
79.3
62.6
69.6
73.5
71.9
82.8
76.3
46.1
70.3
60.6
54.3
70.1
80.5
99.3
60.2
85.3
52.1
65.7
60.7
77.9
68.4
52.9
86.6
77.1
54.3
86.1
69.6
81.2
65.5
53.5
57.9
62.7
80.6
59.8
70.7
53.5
74.9
64.3
76.5
82.9
71.9
71.8
71.2
59.3
76.7
96
56.6
49.4
65.8
92.3
48
95.5
61.7
73.8
66.6
74
56.3
63.9
65.6
59.8
67.6
61.4
74.3
62.1
69.1
60.4
54.9
72
82.2
66.1
77.7
70.2
90.6
51.2
63.6
66.7
71.1
76
80.2
43.2
65.9
79.3
77.2
76.3
75.6
61.4
70.2
55.7
84.5
79.4
71.8
61.2
61.7
71.1
72.7
66.6
55
60.3
67.2
72.5
42.7
63.4
69.9
84.1
41.7
61.6
58.2
81.7
48.4
80.8
66.5
52.3
67.6
63.7
56.7
54.7
59
70.6
77.2
50
59.3
63.2
45.5
68.9
68.4
78.5
57.3
70.6
60.6
53.8
70.7
71.4
79.7
62.4
83.9
72.9
73.7
65
49
55.7
45.4
59.3
68.9
72.4
58.7
64.2
66.6
79.8
60.9
89.2
62.1
72.1
85.9
72
81.1
51.8
78.2
81.1
83.7
55.2
59.4
61.5
76.3
90
83.5
70.2
56.5
53
80.6
63.2
83.7
49.2
58.3
66.7
47.9
76.7
77.9
80.1
77.6
95.9
66.8
60
59.1
68.9
70.6
63.7
59.1
63
73.4
62.4
64.6
75.1
64.9
73.2
67.1
68
77.3
79.9
58.3
88.8
66.8
66.1
77
54.5
58.7
64.8
75.9
48.4
72.4
88.3
53.4
66.4
53.4
56
57.5
53.8
66.5
86
74.1
59.4
79.9
86.1
75.5
71.5
69.1
73.6
56.5
69.9
64.4
61.4
65.1
55.1
56.9
87.6
67.3
69.2
63.7
79.2
82.7
91.7
92.4
79.9
81.7
95.6
98.3
62.5
80.5
38.8
66.5
59.4
75
72.8
90.6
68.3
74.4
82.5
73.5
57.5
61.1
58
58.1
91.2
84.3
77.6
79.7
48.2
60.7
72.4
63.8
90.6
46.8
59.7
66.8
72.2
66.1
69.6
63.6
59.4
71.6
53.6
35
73
64.8
76.7
65.3
82.1
51.5
60.8
59
69.1
68.1
92.4
70.7
61.2
62.5
44.1
77.3
74.2
61
71.6
46.1
62.5
62.3
72.6
79.9
62.3
69.2
82.7
80.1
57.2
83.1
55.3
74.1
43.8
74.9
62.5
58.3
81.7
63.2
51.7
63.5
45.1
60.3
57.5
62.6
72.5
51.9
74.6
89.5
74.7
53.5
92.5
48.3
71.8
73.5
76.4
42.5
37.9
39.2
76.7
46.7
67.4
52.5
73.7
75.3
61.3
63.3
53
74.6
67.9
61.2
71.9
71.5
80
77.4
54.2
79.5
72.8
59.9
63.1
62.8
54.9
65.9
37.9
68.7
67.8
75.7
61.2
47
75.8
53.5
55
68.5
73.2
76.1
71.1
84.9
50.4
70.1
80.7
72.9
76.8
86.2
58.9
69.5
64.8
71.9
63.6
56.5
62.4
85.2
68.3
70.9
85.3
65.2
60.9
43.1
56
66.5
68.2
77.2
43.6
60.1
74.1
63.4
60.4
67.8
57.4
81.8
63.7
63.8
53.8
66
85.8
62
58.9
91.4
80.6
93.6
57.1
78.8
50.3
71.6
74.6
50.9
55.9
90.9
60.7
47.1
73.3
75.9
71.6
78.9
49.7
60.3
78.9
77
36.4
68.6
66.2
74.3
100
38.1
76.5
46.8
52.8
45.2
50.9
69.4
78
60.7
77
73.4
90.2
76
53.9
63.1
80.9
82
83.2
64.6
82
82.1
70.1
60.2
62.4
86.1
72.2
72.7
69.3
69.5
63.2
49.4
74.5
69.5
58.1
76.7
78.1
74.5
76.6
51.7
64.3
84.9
64.6
72.5
68
66.1
58.1
78.3
43
74.8
47.8
66
42.1
58
62.7
54.6
55.6
59.6
72.2
53
71.9
100
51.1
67.1
64.2
47
74.5
57.3
62.6
57.5
82.5
71.4
64.7
57.7
68.4
79.8
100
75.1
51.4
69.1
64.3
66.9
75.2
54.3
69.2
57.3
72.7
67.6
73.3
48
54.8
70.4
72.3
80.2
62.5
81.5
93.2
63.1
74.5
63.7
56.7
99.6
77.9
54.6
69.7
60.9
81.9
73
89.6
75.1
90.7
55.1
66.3
70.3
77.9
74.8
91.9
51.2
53.6
49.6
70
73.4
46.3
84.1
62.5
58.3
71.3
77.6
76.6
80.9
86
48.9
69.5
74.3
81.3
62.3
62.4
71.6
65
74.2
57.2
85.9
75.7
74.2
52.9
77.6
70.4
63.4
63.2
52.3
51.3
60.4
79.5
71.9
68
60.8
79.5
58.5
57.7
58.8
74.3
83.5
71.5
73.8
58.9
77.9
56
68.1
70.5
88.1
67.1
65.4
65.1
61.4
66.3
83.5
50.1
79.3
80.7
46.2
76.2
67.3
65.6
76.2
46.6
62.9
67
40.2
94
65.7
68.6
69
50.6
76.9
92.2
68.6
71.4
82
82.6
58.2
61.8
63.9
55.9
71.1
68.5
76.5
75.1
50.4
60.7
78.9
79.2
65.1
88.8
64.6
72.5
72.4
71
57.6
74.9
57.3
46.1
60.4
42.5
78
72.2
49.6
57.9
82.4
62
62.7
85.1
78.4
75.3
78.5
85.1
67
69.4
85.7
61.7
68.4
80.3
61.5
90.5
45.5
55.3
76.1
59.8
96
68.8
68.7
67.8
73.2
83.9
77.1
79.4
57.5
59.8
66.6
48.7
74.9
76.1
74.8
87.4
76.8
70.7
79.3
77.1
79.6
60.8
74.9
58.9
88.2
46.3
73.2
72.5
79.8
76.7
81.2
74.1
53.7
74.4
78.2
64.3
70.8
81.6
72.2
67.5
64.9
55.1
52.4
59.9
65.6
88.1
79.4
52.9
82.8
58.3
65.3
78.9
81.1
83.7
53.5
71.5
39.5
56.4
50.7
70.7
74.6
39.2
73.1
59
82.2
80.9
84.5
76.1
49.2
47.5
71.4
54.4
60.3
74.2
83
79.5
69.4
79.1
62.5
52.9
74.2
55.7
55.2
96.7
87.1
69.8
81.9
71.3
55.1
72.8
68
72.6
72.6
62.4
75.3
72.2
79
91.2
64.5
48.4
50.1
69.6
76.6
74.9
55.2
68.8
43.5
74
64.6
73.8
55.5
83.4
75.9
59.5
48.2
75.6
54.7
65.7
64.9
57.7
67.7
61.2
68.5
67.5
58.9
53.7
82.3
56.1
65.7
65.9
70.1
52.4
63.4
70.5
76.7
88.5
74.7
73.2
73.9
69.8
63.9
62.5
84
76.3
77.1
81.7
84.5
50.7
90.3
53.9
76.8
60.9
89.2
63.8
76.8
42.3
56.7
59.3
84.9
80.5
69.5
66.6
64.1
68.2
66.6
75
83.9
73.8
95
65.2
63.9
89.4
62.3
84.6
57.5
67.8
91.3
55.9
66
80.9
78.8
77
72.4
56.2
57.6
67.7
66.2
64.9
64.1
47.9
72.9
76.5
80.4
90
38
59.1
62.3
62.8
62.3
70.8
82.4
79.2
95.8
60.1
61.7
55.6
66.6
67.3
78
61.4
54.9
89.9
49.3
84.9
79.4
57.4
73.8
57.4
82.4
67.5
60.7
78
70.4
76.3
40.2
70.3
71.8
47.4
91.9
50.4
67.9
89.1
60.6
58.5
54.9
79.1
58.1
86.4
65.2
48.8
83.6
75.9
50.3
69.5
48.4
65.4
65.9
50.5
67.3
28.2
67.5
50.2
60.9
78.1
60.2
53.9
78.8
65
94.6
53
76.8
49.1
81.1
64.5
73.9
54.1
88.7
82.7
85.8
100
59
96.9
80.3
71.6
56.3
70.2
74.5
70
81.4
85.1
66.8
66.5
73.4
54.6
56.3
45.6
62.8
89.4
43.2
67.5
68.1
63.7
72.7
63.3
64.6
59.4
66.9
66.9
79.9
76.6
58.2
74.7
70.6
87.7
51.3
81.5
75.5
51.8
53.4
82.5
66.3
69.8
68.5
79.1
88.5
75.8
71.2
60
75.6
54.1
61.2
74.4
70.7
60.8
77.5
79.8
89.2
60.3
69.3
70.4
81.2
82
50.6
67.5
89.4
68.1
66.1
65.6
78.4
77.5
59
71.4
60.8
79.8
80.1
58.5
72.3
76.2
66.3
61.1
62.9
70
59.9
59
64.7
69.6
80.6
73.4
55.4
83.3
57.9
45.9
53.8
59.5
81
87.8
75.2
44.3
57.2
80.9
77.7
71.1
89.4
57.2
84.3
56.7
66.3
68.7
60.3
85.9
67.5
81
73.5
70.5
59.8
54.3
56.8
61.1
98.1
58.4
62.4
49.3
62.9
72.2
54.1
79
85.9
49.4
90.4
70.6
64.7
79.3
68.1
75.9
72.4
46
93.6
62.2
64.3
52.1
63.7
84.8
64.3
59.1
76.7
76.6
76.1
90.6
71.7
65.9
44.1
68.3
68.7
55.8
89.7
53.3
71.1
57.5
64.4
61.8
75.2
56.6
57.3
68.1
70.5
83.4
71.4
72
75
61
69.3
62.9
82.4
78.8
67
89.6
67.6
67.5
69.3
76.8
79.4
65.7
74.9
75.3
73.2
64.4
67.4
74
54.5
51.9
92.7
74.7
82.4
68.1
76.6
67.9
73.7
68.8
61.2
94.3
50.4
51.9
50.1
60.3
81.1
48.2
67.4
66.5
68.7
63.7
66.3
79.8
59.2
68.8
78.6
65.3
73.9
78.7
58.6
69.1
63.1
62.4
76.9
63.6
81.4
70.8
69.2
56
48.6
71.6
64.6
79.6
90.8
82.3
68.5
54
50.9
65
78.8
88.5
57.1
50.8
49.1
63
78.5
63.3
65.1
59.3
70.4
64.2
43.1
64
41.9
75.1
72.1
78.7
70.3
63.3
68.3
55.7
67
61.8
68.5
80.6
60.1
85
54.1
66.1
87.3
58.9
71.7
85.8
66.6
52.6
49.6
83.4
82.1
62.3
61.9
58.1
82.7
67.6
83.2
68.5
55.5
75
58.9
57.1
76
65.5
82.5
65.6
66.3
70.6
75.6
81.2
71.8
50.6
54.7
39
71
82.2
71.1
63.4
72.9
63
47.5
71.8
53.2
83
66.5
69.1
36.3
69.8
78.4
67.1
68.6
74.2
81.8
76.6
100
71.9
73.8
62.7
77.5
78.9
67.8
88.6
65.2
79.6
72.7
51.2
39.7
58.3
94.5
80.7
52.3
62.1
74.6
78.8
70
44.5
64.4
77
47.7
66.9
66.6
73.7
72.1
54.2
61.3
58.5
80
67.6
100
78.2
56.7
86
56.6
59.5
52.4
78.2
71.1
66.3
69.1
63.4
60.1
59.3
66.2
61.6
74.1
69.2
80.2
53
84.8
69.5
52.2
85.7
66.7
91.8
56.3
74.9
54.1
72
71.7
67
63.2
88.2
79.2
61.3
83.3
80.7
54.4
47.4
74.3
70.2
74.6
67.3
56.8
71.8
88.5
74.9
51.3
64.4
44.6
46.5
86.6
80
70.7
80.6
78
86
86.1
85.1
94.2
85.7
76
66.3
91.9
100
68.3
69.9
80
84.6
67.7
68.3
59.7
49.4
62.4
68.1
60.9
57.4
62.7
76.9
67.4
61.9
61.8
40
90.7
73.1
51.7
63.3
74.2
73.4
77.6
49
81.4
93.1
67.9
59.7
64.5
85.7
62.3
49.3
79.9
81.1
70.6
72.1
74.6
66.3
87.7
73.2
54.6
67
78.9
71.1
58.1
79.2
69.8
65
67.4
76.5
52.8
59.8
56.9
89.9
46.2
74.1
86
66.5
67.4
83.1
60
73
54.5
69.8
78.9
49.1
53
69.3
73
72.7
76.5
93.4
69
65.8
52.3
63.8
57.7
79.5
70
79.6
84
58.6
48.7
55
72.4
75.3
63.6
82.3
51.5
81.1
72.8
98.9
66.8
73.9
77.8
62.3
63.3
61
73.7
69.1
79.6
85.2
61.2
77.2
68.4
95
67
48.8
75.8
75.2
64.2
94.9
66.1
83.6
94.9
98.8
53.5
76.8
68.9
79.2
63.7
79.5
76
74.5
58.2
68.8
83.6
82.1
82.4
67.3
73
77.2
80.4
71
67.1
67.1
46
70.7
71.4
73.5
72.7
58.5
45.3
52.6
53.8
64.2
67.5
62.4
49.5
78.8
53.4
66.1
83.7
90.8
60.2
92.3
71.5
57.4
88.1
75.5
69.2
52.4
77
51.9
82.6
70.8
80.2
75.4
64.3
74.1
72.6
64.3
79.4
66.3
77.8
69.3
64.4
71
68.1
59.9
75
78.6
77.6
74.2
84.1
63.5
73.1
40
98.7
58.8
80.1
68.7
85.4
53.5
66
69.9
55.2
54.2
63.8
49.1
61.5
62.7
67.6
76.1
62.8
63.8
64.5
78
72.5
67
65.4
77.9
53.2
71.4
58.4
73.8
60.9
71.4
75.3
64.6
93.1
80.1
67
54.3
63.1
70.8
69.8
73.5
65.9
66
46.1
75.4
84.3
47.6
83
68.6
57.3
66.9
59.4
83.2
57.7
70.1
72.3
78.3
75.6
67.2
49
74.4
69.1
67.5
60.7
79.2
45.7
57.4
46.8
47.1
66.8
69
63.8
44.2
63.6
67.1
58.4
71.9
73.7
62.2
72.4
100
90.3
78.3
84.8
47.1
67.8
72.7
79.8
55.9
76.4
77
51.8
68.7
57.5
45.3
38.7
64.5
64.3
56.2
73.7
78.1
60.1
67
61
62.6
64.3
78.1
57.2
71.3
85.3
73.9
75.4
66.6
67.6
61.9
60.3
68
86.1
87.1
77.9
53.3
69.4
70.6
84.6
78.6
65.9
59.5
78.7
95.2
58.8
78.9
52.8
57.1
87.7
57.8
66.1
61
68.7
68.7
57.8
58.8
57.9
79.7
81
67.4
64.5
85.3
57.9
69.9
60
94.6
52.3
67.1
80.3
64.7
68.1
62.8
90
67.6
60.7
63
72.1
80.2
64.3
73
70.9
76.4
70.1
62.2
76.6
82.1
50.8
77.2
53.1
89.1
81.5
59.9
60.8
53.6
73
71.9
73.5
56.6
77.3
76.4
75.8
76.1
67.2
64.5
74.4
48.3
69.1
53.1
35.7
74.7
80.9
89.6
72.9
84
77.6
84.4
93.4
43.5
87
61.7
50.8
47.3
87
49.9
66.1
39
55.9
42.4
60.8
67.4
54.7
61.9
64.5
71.9
72.9
73
78.9
60
72.7
76.4
61.6
65.5
66.7
70.3
67.9
78
60.1
74
74.4
51.2
64.6
72.2
67.2
80.3
58.8
81.8
78.8
88.1
71.8
63.7
79.2
46.1
42.5
71
61.9
78.4
37
75.4
80.4
76.2
89.4
68.7
56.1
60.4
37
62.5
71
55.8
67.1
49.3
70.6
68.6
52.7
55.7
60.8
53.3
65.4
63.3
60.6
74.1
79.3
58
52.8
60.5
67.4
70.3
95.9
59
59
49.5
84
72.5
74.2
73.7
80.1
89.2
66.9
78.4
71.6
70.1
87.2
52.2
67.2
60.7
64.6
60.9
58.2
81.2
53
63.4
68.1
79.7
76.3
54.4
79.6
46
77.9
64.3
53.7
80.5
81.7
71.3
64.4
87.7
76.7
64.5
62.6
71.5
63.3
61.6
73.6
49
59.3
57.6
70.8
45.8
48.2
70.5
74.8
48.4
81.3
43.4
40.5
76.7
54.8
66.3
62.5
76.5
86.7
56.4
61.8
71.1
61.6
88.7
86.1
65.6
61.6
61.1
86.1
55.1
68
59.7
66
56.9
86
65.8
84.5
62.2
73.3
40.5
54.6
56.2
66.1
48.4
60.8
52
35.2
52.3
75
77
52.7
74.1
84.1
67.8
68.4
70.2
81
77.9
93.6
50.3
54.6
71
77.1
59.7
58.8
69.4
80.6
73.3
79.6
55.2
74.8
61.9
64.2
57.8
84.9
83.2
51.8
65.9
69.5
68.4
82.8
60.3
54.5
69.2
67.6
90.6
52.8
56.9
72.8
56.2
57.1
76.5
71.9
80.1
48.6
79.2
49.6
73.8
75.2
66.6
65.4
67.5
89.9
67.2
89.8
88.8
55.3
71.8
69.4
88.2
66.5
66.5
85.9
71.7
84.7
65.2
75.6
62.6
94.1
59
68.3
50.2
67.7
75
67.2
57.5
52
75.6
71.5
73.8
66.3
78.9
57.3
67.4
68.9
75.1
84.2
73.7
68.1
74.1
79.9
59.5
80.2
57.4
56.8
70.6
81.5
52.4
58.7
82.4
65
53
88
62.1
57.8
91.2
79.9
65.1
81.1
71.5
77
79.6
60.4
68.3
72.2
64.4
71.7
68.9
66.4
69
84.5
69.7
59
54
76.5
62.2
75.3
79.9
71.5
64
63.7
98.9
61.1
85.9
68.3
66.4
58.9
55.7
68.8
75.8
91.3
69.6
49.1
54.6
65.3
62.1
65.4
72.5
73
85
86.2
67.6
91.7
78.3
56.1
69
57.6
59.6
56
74.7
65.3
65.9
46.7
71.6
42.5
65.5
72.9
71.7
65
78
71.5
69.5
65.9
63
75
45.5
57.6
77.1
74.1
60.9
69.2
94.2
57.2
79.4
48.9
59.6
56.2
66.9
52.3
67.2
64.7
72.4
67.6
66
83.1
60.1
64.2
71.7
66.9
71.1
64.3
64.8
68.6
66.5
77.3
75.5
64.3
56
81.4
70.4
70.8
82
55.5
71.2
77.2
73.7
65.7
93.6
70.1
71.1
52.3
76.3
57.4
94.4
55.5
86.1
61.9
74.7
76.3
70.2
71.8
33.7
84.3
71.2
79.7
73.7
69.2
69.6
57.7
64
37.7
65.7
47.8
72.3
86.9
73.3
55
71.4
88.1
97.6
55
66.4
62.2
58.1
69
51.2
62
83.3
76.9
54.6
71.3
81.4
68.1
63.6
45.8
55.3
75.4
63.2
65.4
80.7
54.6
67.9
74.8
72.5
57.2
65.7
42.8
60.4
78.5
71.3
64.1
98.1
91.7
66
71.5
49.5
66.3
70.2
70.9
51.8
82.7
51
84.5
64.6
77.9
65.9
63.5
86
61.6
57.6
52.6
45.3
64.2
77
61
74.6
65.7
66.4
50.3
62.2
75.3
68.6
84
69.9
84.2
51.9
50.4
51.7
54.5
78.7
59.3
81
69.7
47.7
66.4
74.4
61.9
78.7
56.2
91.3
60.7
70.7
61.5
68
67.6
64.2
66
75.5
79.6
60.3
62.8
57.7
70.8
59.9
70.3
81.8
57.6
69.5
63.3
49.6
49.7
68.9
71.8
66
58
73.5
39.3
67.9
72.8
62
61.2
71.7
69
82.4
40.2
69.3
63.5
60.8
70.8
51.8
72.5
80.3
62.9
73.5
71.8
75.6
68.5
85.6
79.4
70.9
60.1
80.2
72.5
62.7
68.4
56.6
62.2
46.3
76.4
81.2
54.6
59.8
80
62.7
61.7
75.7
68.2
77.8
71.5
62.1
62
74.8
75.8
75
86.7
57.3
63.8
52
85.8
74.3
68.6
84.1
71.3
92.8
59.4
66.4
78.4
74.9
64
70.7
63.1
67.7
94.9
61.8
65
57.9
53.6
69.6
80
72.9
56.9
49.8
67.5
81.8
67.5
66.2
63.8
58.2
64.9
56.3
77.3
67.5
75.8
60.7
36.4
76.5
73.8
67.3
53.9
82.8
66.9
70.5
56
60.8
72.3
69.6
79.4
57.7
45.6
78
72
69.6
70.1
60.9
73.9
69.2
74.7
49.7
52.1
60.5
73.8
70.3
38
71.8
85.2
53.4
92.8
44.4
79.7
67.7
64.2
74.1
75.9
83.7
55.5
86.9
62.6
88.4
66
81.9
63.5
56.1
70.4
71.3
66.6
70.6
81.1
63.8
52.1
71.5
86.2
67.8
60.5
74.9
72.7
69.3
55.2
100
60.7
73.7
82.2
59.9
75.6
56.9
87
86.4
64.4
78.8
42.5
55.1
62.8
69.1
53.4
65.3
78.6
66.3
62.3
84.9
59.9
71.3
96.3
61.1
64.3
62.5
48.4
74.1
59.7
51.3
71.3
74
63.3
82.8
72
69.4
96
57.3
76.5
66
71.2
68.4
50.5
60.1
51.6
66.8
53
65.2
63.2
64.6
87.6
80.1
53.4
82.5
64.7
73.7
78.2
38.2
46.2
67.7
51.1
79.8
78.8
77
62.6
80.3
66.8
46.8
48.3
69.2
96.6
51.7
66.1
68.4
79.7
65
82.7
77.5
43.3
71.6
65.9
62.9
70.1
78.1
64.7
70.2
84.4
71.2
63.4
61.8
73.8
83.9
74.7
75.7
75
62.4
83.8
52.1
81.2
82.7
75.2
76.1
61.8
70.1
77.4
50.2
54.3
77.5
74.1
42.1
61.6
58
59
94.3
77.8
39.5
60.5
75
55.2
69.9
88.6
71.4
82.3
48.6
61.9
72.9
88.8
55.9
67.4
60.4
65.7
57.3
76.3
83.4
67.7
79.7
93
72.8
75.6
72.9
68.2
62.6
63.5
70.3
66
71.8
60.2
57.4
63.7
75.8
75.5
63.6
58.3
64
89.6
47.9
82.3
49.5
68.4
70.9
70.7
73.4
69
73.5
72.6
69.3
67.3
61
64
56.8
66.3
60.9
73.9
56.5
68.7
57.7
70.1
75.3
54.2
91.3
45.1
51
60.5
55.4
81.9
65.2
80.1
69.8
54.3
74.7
59.3
63.5
44.3
54.4
72.8
59.1
68.8
61.2
65.2
74.5
71.4
52.8
68.4
88.7
89.9
81.3
57.3
63.4
66.7
62.8
81
48.9
77.2
65.9
58.3
79.4
76.5
83.1
82.8
63.7
95.1
60.1
87.7
75.9
82.7
75.8
73.1
81.3
47.7
54
80.4
62.2
69.6
69.7
61.7
77.1
51.1
59.5
63.9
82.7
79.2
72.4
80.1
85.8
75.5
76.1
70.3
63.2
63.4
65.7
68.3
64.3
100
65
59.8
78.1
99
62.8
63.3
76.3
75.8
53.7
84
45.3
74.2
63.8
76.4
50.8
74.2
60.1
51.8
63.3
70.9
68.4
62
84.5
48.8
55.5
78.8
78.4
59.2
69
78.2
73.5
74
42.9
80.6
68.1
26.5
74.9
71.9
59.3
77.4
62.1
60.4
79.3
53.7
69.6
59.7
63.7
57.5
70
63.1
56.4
62.6
76
47.2
55.7
68.6
59.2
85
89.5
64.4
44.5
51.6
67.2
62.7
57.6
100
83
59.3
82.2
54.5
80.9
65.5
82.8
75.7
64.1
57.5
91.8
83.2
52.9
58
65.4
77.3
82.5
88
52.2
62.3
63.4
78.8
56.8
81.4
78.1
80
59.9
79.1
81.5
61.8
67.3
75.3
52
83.5
97.2
51.3
57.6
79.1
71.8
59.1
70.4
71.5
93.1
65.2
57.8
65.1
68.9
49.6
64.6
76.8
77.9
66
54.5
61.9
55.1
70.7
71.4
59.5
27.1
60.4
77.6
67
68
86.8
79.8
68.4
66.1
65
81.1
73.1
73.2
46.6
69.6
73.1
62.6
70.1
57.4
72.7
85.9
70
60.4
76.6
80.5
63.1
82.9
34.1
65.7
73.1
78.9
62.4
74
63.4
36.7
49.3
57.8
68
74.1
55.6
69.4
71.9
60.1
58.1
86.5
53.4
74.5
61
51.1
66
49.2
64.7
53.5
68.3
73.6
84.2
38.6
94.1
48.6
49
47.9
77.8
75.7
66.4
63.4
52.7
75.1
63.4
66.3
95.3
63.9
61
88.5
63.7
90.7
75.2
68.2
68.8
81.5
45
70.7
65.2
90.2
47.4
75.7
67.1
55.7
77.7
75.4
63.5
52.4
68.4
70.2
71.1
85.2
58.9
65.9
66.4
70
80.5
54.9
71
64
65.6
82
50.5
69.1
76.6
59.3
65.9
59
54
92.7
68.5
74.5
63.9
51.2
74.5
84.8
62
69.3
68.2
83.8
66.3
84.1
48
93.7
74.3
51.1
63.2
40.8
86.7
65.9
63.3
76.2
74.1
83.6
73.6
65.1
60.6
79.4
64.8
66.3
90.6
70.7
84.9
71.7
59.1
80.6
66.9
90.5
73
81.2
67.1
82.3
82.6
65.5
58.6
88.4
74.3
61.2
77.4
70.2
69.1
68.8
78.1
71.4
75.6
64.2
93
69.2
80.9
63.9
60.8
70.4
58.6
79.7
74.8
68.7
68.1
100
85.6
62.1
55.5
79.9
79.6
73.3
63.6
68.1
71.5
78.6
79.7
43.2
51.8
57.3
47.6
71.4
65.5
56.4
51.8
76.4
71.5
54.8
86.4
65.7
63.3
78.1
95.2
62.1
63.8
80.4
53
95.1
74.2
63.9
71.9
65.6
73.1
85
70.9
77.6
65.3
81.5
61.7
65.8
86.5
37.3
58.5
73.8
79.6
67.1
67
98.1
47.5
50.5
76
87
77.7
89.9
89.6
59.5
51.4
65.6
73.6
64.7
66.4
59.6
85.2
73.8
48.8
74.4
59
79.3
83.8
71.9
53
59.7
64.7
57.8
66
72.2
76.4
73.7
52.8
87.8
88
49.7
44.7
73.3
64.1
76.9
74.3
53.3
54.6
72.6
86.3
56.4
59.2
81.3
63
74
90.9
78.6
87
70
85.9
76.9
72.1
75.4
41.2
50.5
85.4
56.1
67.9
50.2
68.4
76.5
59.9
61.7
63.5
72.1
81.4
64.7
77.1
63.9
79.6
56.1
72.7
67.4
81.2
74.5
51.9
68.6
91.2
61
68.3
70.7
75.9
70.9
73.4
78.6
79.1
66.9
84.7
77.8
78.2
63.2
63.2
63.8
58.3
65.6
36.6
47
67.1
62.9
64.9
66.9
66.4
70
61.2
72
75.9
65.4
59.3
65.1
45.9
71.8
70.9
64.8
66.2
65
42.1
64.8
91.7
47.6
77.9
59.6
63.8
57.5
52.2
62.7
67.5
64
78.3
56
58.5
52.9
92.2
85.4
73.1
96
69.6
39.6
71
70.4
91.4
84.3
80.9
88.5
63.9
63.5
78.4
71.1
70.9
48.6
74.3
63.5
94.8
43.5
78.7
87.3
75.3
80.5
62.3
56.2
60.9
74
61.9
60.2
77.8
65.4
57.6
71.2
71.7
65.2
96.4
85.2
70.3
62.4
65.9
68.2
61.9
64.5
80.5
72
69.2
80
66.2
81.5
84.6
73.4
73.5
76.1
57.5
67.8
67.7
65.8
72.4
56.5
62.5
66.5
68.2
77
81.3
58
61.9
57
84.1
63.7
80.7
71.8
62.4
51.6
58.3
74.1
66.3
81.5
77
77.7
52.6
68.7
53.4
84.5
66
89.6
84.3
80
67.8
82.4
82.9
81.6
86.9
62.6
72.2
78.3
66.2
72.1
68.5
87.2
78
80.4
91.7
57.6
82.3
66.6
55.2
72.9
90.4
88.7
59.2
57.4
78.4
42.4
66.4
61.9
75
52.2
75.3
86.5
61.9
61.3
62
100
64.5
37.8
70.9
84.8
66
60.6
67.3
61.2
76.3
64.6
69.2
63.1
66.7
73.8
69.5
69.8
59.2
72.3
84.2
76.2
67.6
73
74.6
68.9
90.7
58.8
66.1
86
34.6
91.3
45.1
59.8
71.2
49.5
76
61.8
38.2
62.8
69.2
46.6
65.1
71.4
79.6
74.8
87.2
84.3
87
74.2
70.2
61.3
88.5
46.8
69.1
54.9
74
91.8
71.3
70.9
72.5
55.8
65.3
67.5
55.2
90
75.6
90.4
61.1
44.2
58.4
67.2
35.1
66
63.5
84.3
60
54.5
68.4
55.8
75.8
53.6
99
76.1
56.9
65.2
78.1
73.1
71.9
78.1
45.2
67.7
66.8
64.9
53.4
55.5
55.8
49.1
62.5
77
86
79.2
76.8
73.6
82.3
57
92.3
64.5
42.5
93.7
87.7
84.9
51.4
63.6
52.5
78.4
85
62.1
89.4
67.9
63.5
81.8
67.9
73
72.9
82
78.6
79.3
82.9
74.4
45.2
63.8
69.8
63.8
66.8
64.9
92.8
64.1
67.7
99.2
71.3
66.9
82.6
71.2
70.3
81.3
54.7
66.5
67.8
63.5
92.4
68.5
82.9
61.2
68.2
71.8
70.9
67.2
67.5
70.4
75.7
48.9
67.6
65.1
45.6
66.9
65.5
75
72.9
78.1
72.5
76.6
67.7
64.8
79.8
78.4
49.3
70.5
70.2
73.1
78.3
69.8
51.8
83.5
49.6
51.6
70.1
55.4
61.3
81.2
61.1
71.7
58.9
83.8
78
70.7
69.7
82.7
68.6
75
80.4
68.1
85.2
62.7
79.7
46.2
70.8
60.4
70.2
51.9
73.6
59.7
58.4
70.1
73.5
55.5
60.2
64.4
90.4
33.4
75.1
44.2
84.1
59.6
57.4
66.3
70.8
65.6
60.7
65.5
51.5
55.1
48.9
62.5
61
85.4
60
79.9
88
49.6
57.5
59.7
43.4
72.9
56.3
76.5
88.9
98
68.3
50.6
82.1
82.4
62.8
55.7
58.1
79.3
76.6
54.2
73
77.2
77.7
56.4
63.2
58.3
75.4
45
62.9
88.1
59.5
77.6
62.4
68.6
61
87.3
63.5
57.5
64.1
64.1
57.4
69.9
61
60.4
88.6
79.4
84.9
60.1
82.9
70
58.3
75.1
78.4
53.7
74
65.2
72.3
64.7
76.3
76.3
53.7
56.1
49.9
88.7
64.9
64.9
59.2
87.2
62.6
75.4
66.4
77.2
77.2
57.9
72.2
65.9
72.5
75
44.8
69.5
66.7
54.6
63.5
61.8
62.2
56.6
84.1
68.6
70.1
86.8
47.1
60.5
48.6
81.9
71.4
67.5
57.2
74.8
72.2
87.7
78.1
81.7
84.3
74.1
74.2
69.3
74.6
72.2
45.3
68.9
69.7
70.2
71.5
62.9
84.4
87.1
67.4
56
49.8
80.6
71.1
67
71.2
57.1
80.5
32.9
58.5
76.3
68.6
75.5
60
65.9
57.6
62.5
70.7
68.4
57.3
63.5
64.6
69.8
76.3
90.9
54.6
57.8
45.3
77.6
85.1
71.4
56.4
80.6
78.5
72.4
76.8
70.7
77.7
63.5
72.3
62
80.4
58.1
60.4
60.2
29.5
78.4
56.8
50.2
66.9
59
69.8
70.9
70.5
63.8
59.7
68.4
62.1
58.5
84.3
62.6
62.3
78.3
73.1
60.9
62.5
80.6
67.9
73
70.4
63.6
85.4
94.3
28.7
65.3
69.6
46.9
69.3
77.2
67.9
74.6
88.5
58.8
56.4
66.6
70.8
75.6
52.9
63.6
72.9
86.5
60.4
73.5
86.7
76.3
38.3
58
69.4
45.2
59.4
70
72.6
59.2
84.4
64.5
68.4
82.6
62.5
69.7
76.5
48.6
57
60.6
67.5
72.3
74.1
52.9
50.5
61
57.9
82.1
53.6
98.7
62
68
71
65.1
67.4
68.3
72.5
86.3
59.2
64.6
42.2
91.1
58.9
66.4
71.7
76.8
62.1
77.7
68.8
54.2
39.6
78.8
67.3
62.6
60.9
63.5
68.5
48.3
80.5
71.3
70.2
66.3
65.7
62.6
65.5
72.8
65.5
66.9
70.4
59.8
89.8
87.6
71.2
64.8
69.1
64.2
94.6
69.7
81
56.1
87
64.2
64.5
65.8
71.8
69.9
60.5
77.9
79
78.5
79.2
51.8
54.6
54.4
56.5
61.2
51.8
69.3
78.2
73.1
63.1
65.5
63.4
61.4
92.1
75.4
73.3
79.5
58.4
70.4
82
62.3
96.9
65.7
49.6
61.6
65.9
70.4
72.8
57.1
52.8
64.8
88.2
68.3
57.9
82.7
67.1
79.6
75.7
85.5
59.4
64.4
73.6
62.4
78
75.5
82.4
83.7
94.2
71.4
47.6
86
76.1
70.4
58.9
72.6
68.3
52.3
60.2
56.3
67.3
75.6
71.9
83.7
69.2
68.4
59.8
57.7
72.2
72.6
72
66.6
77
74.7
65.4
48.7
48
71.7
66.7
60.4
97.1
73.8
62.6
69.9
46.5
53
74.2
68.9
52.2
50.9
74.8
71.8
90.2
68
71.4
72.1
71.7
67.1
44.1
64.1
82.5
73.2
84.6
53.1
67.7
69.1
57.1
57.5
80.8
58.5
72.5
76.3
54.4
58
76.3
63.6
85.7
80.2
76.7
80.3
66.3
80.1
63.4
62.8
52.5
57.2
80.9
65.5
80.2
67.8
63.9
84.8
80.8
42
72
78.3
63.2
73.2
65.1
41.3
72.7
54.2
70.1
66.9
61.1
57.2
60
73.7
64.5
49.4
57.5
87.8
42.6
77.8
36.5
74.9
48
61.3
73.5
64.4
76.7
90.5
61.5
69.8
52.1
75.4
55.1
61.1
59.3
89.3
75.5
89.4
71
71.3
64.2
55
59.1
65.8
60.1
83.4
68.2
55.7
61.3
64.6
66.4
64.4
71.2
54
63.9
62.1
62.6
71.8
66.9
54.3
67.6
79
92.7
74.7
75.8
71.8
65.3
56.9
65.2
66.2
83.1
81.5
71.8
66.4
35.8
76.7
70.9
56.4
54.9
79.8
45.2
53
63.2
37
49.5
88.3
50.2
87.3
71.5
57.9
82.6
52.3
65.2
84.9
54.2
68.9
82.5
80
86.9
85.5
81.4
56.6
68
56.3
75.2
67.7
69
64.2
55.8
59.8
57.1
72.8
77.4
75.2
78.5
69.1
60.8
76.8
64.1
78.1
71.7
66.4
69.8
61.9
71.9
74.9
59
68.8
77.5
83.2
63.3
86
80.5
84.8
75.6
76.5
49.4
49
88.2
69.9
67.7
88.2
68.5
75.3
63.2
66.3
100
64.1
65.9
93.3
63.9
79
57.8
64.1
76.2
75.1
61.7
64.8
80.8
43.2
78.2
72
46.5
73.9
68.4
53.9
91.5
59.3
49
56.1
85.5
85.3
59.5
80
65.3
65.9
60.6
77.4
36.9
80.1
75.1
92.5
85.5
66.5
69.3
69.1
73.2
69.5
80.2
71.4
70.1
83.1
81.2
82
63.1
62.9
74.1
72.6
73.1
67.8
98.9
60.5
40.2
56
71.5
85.2
70.8
68.3
78.4
48.5
66.1
64.4
69.4
78.7
89.7
82.6
66.2
82.1
53.4
62.8
64.7
84.8
70
62.9
53.4
70.2
80
73.1
65.1
78.5
71.9
80.8
74.9
67.2
65
88.1
50.7
82.9
64
57.8
81.7
59
77.4
54.3
68.2
46.9
90.6
66.2
83.1
82.8
87.3
72.5
84.5
81.9
80.5
81.8
40.7
45
77.7
57
81.5
87.3
87.6
63.5
72.2
66.6
66.2
52.8
64.6
75.8
63.7
64.7
88
71.2
56.8
71.9
72
74.4
88.9
47.8
59.3
74.8
61.1
46.8
89.5
53.7
75.5
59.8
94
67.3
67.8
62
75.3
71.4
54.2
54.2
59.2
74.3
73.5
64.5
68.5
72
52.5
54.3
79.6
57.1
82.9
94.5
42.2
82.1
79.9
76.4
63.9
82.2
58.2
58.5
70.4
62.9
65.3
57.4
55.5
92.1
35
45.6
45.3
80.4
71.6
69.4
88.2
68
57.4
69.5
65.9
89.5
49.7
94.6
63.6
74.7
60.6
72.9
78.9
67.6
64.8
67.9
69.7
69.6
62.2
76.9
41.4
54.6
92
58.4
62.7
85.6
67.6
73.5
68
60.1
61.6
65.4
77
53.3
92.4
78.6
76.4
60.2
86.6
82.2
69
62.4
66.8
87.5
100
53.7
58.6
62.8
38.8
63.3
67.4
64.1
74.6
58.1
74.4
80.4
85.8
67.7
49.3
84.3
42.4
89.4
64.1
55.4
56.5
60.1
81.8
75.3
47.1
54.8
50.8
78.5
79.4
64.3
91
67.7
58.9
54.4
62.2
51.2
82.2
53.4