"Gini Index"
23
23.8
24.3
24.7
24.8
25
26
26
26
26.3
26.8
27
27.2
27.4
28
28
28.2
28.2
28.9
29
29.6
30
30
30.3
30.6
30.7
30.9
30.9
31
31.3
31.9
31.9
32
32
32.1
32.6
32.7
32.8
33
33.2
33.2
33.4
33.7
33.9
34
34.1
34.2
34.4
34.5
35.2
35.3
35.5
36.2
36.2
36.5
36.5
36.7
36.8
36.8
36.8
37.6
37.6
37.6
37.7
37.9
38
38.5
39
39
39
39
39.2
39.4
39.4
39.5
39.7
40
40
40.1
40.2
40.5
40.8
40.9
41.3
41.5
41.7
41.9
42.4
42.5
43.2
43.7
44.3
44.5
44.6
44.6
44.8
45
45.3
45.3
45.5
45.6
45.8
46
46.2
46.8
46.9
47.2
47.4
47.5
47.7
47.8
48.3
49
50.1
50.2
50.3
50.4
50.8
50.9
51.9
51.9
52.1
53
53.2
53.6
53.7
55.1
57.7
58.5
59.2
59.7
61.3
62.9
63
63.1
63.2