Violations
3
19
8
0
0
1
2
3
0
6
6
7
4
1
4
4
1
2
9
4
1
3
2
9
15
8
1
6
4
3
1
2
15
1
1
3
7
2
5
1
3
4
1
4
13
4
7
3
14
2
13
1
8
27
3
6
6
4
2
4
4
6
2
3
5
4
10
12
2
10
2
3
5
2
1
3
4
9
6
14
3
2
2
11
3
2
9
7
5
3
1
8
24
1
17
1
5
3
2
1
5
4
5
2
3
6
4
2
7
1
1
2
8
0
3
5
2
3
11
7
11
5
7
3
5
1
8
5
5
2
10
2
1
2
6
2
2
5
16
25
2
5
1
3
4
2
1
7
5
3
5
5
16
13
5
3
11
22
5
3
18
6
51
1
2
6
2
7
5
4
4
2
3
7
7
4
3
9
1
3
6
3
3
1
3
16
14
2
7
13
13
7
2
26
5
2
3
2
4
2
2
4
4
47
7
7
8
5
0
9
2
8
1
4
2
5
3
2
6
40
1
2
3
14
2
9
1
8
1
1
3
17
6
2
2
4
2
5
2
23
6
6
12
2
18
7
6
3
8
24
1
15
33
0
3
1
1
4
4
10
3
1
5
3
5
4
20
5
1
51
2