Distance
408
390
425
371
384
411
412
384
425
438
400
346
394
357
372
388
381
427
421
405
386
404
402
422
388
441
399
421
389
397
419
403
386
442
404
353
376
392
400
376
424
407
409
442
358
376
396
394
404
349
366
410
370
380
426
420
434
395
415
404
424
416
401
407
403
425
399
414
418
402
387
376
443
404
354
444
368
380
350
390
397
417
405
406
381
393
435
363
397
383
425
385
395
443
466
372
417
387
360
395
433
400
393
375
368
425
370
428
395
385
383
384
422
481
366
419
419
408
377
406
387
378
413
386
389
356
385
348
411
376
395
343
384
341
456
361
435
384
372
370
403
403
381
354
392
396
400
440
387
401
381
390
409
402
394
408
424
417
440
375
426
394
384
396
396
442
404
416
415
383
340
390
392
397
416
418
385
394
367
425
477
413
432
416
376
388
383
407
371
376
418
380
430
398
436
381
405
439
378
418
383
408
404
381
388
383
440
396
339
431
405
392
366
388
398
343
386
405
428
398
388
382
414
440
424
393
469
372
398
434
404
437
407
383
376
358
381
428
396
367
355
392
405
424
425
406
400
394
387
372
362
411
433
399
410
403
371
442
392
381
421
398
379
404
383
399
385
417
397
373
429
380
431
385
366
377
341
401
411
366
399
386
386
399
411
373
436
441
377
420
371
374
381
397
415
375
425
394
390
433
407
416
364
349
430
388
356
379
389
375
394
406
447
372
331
387
404
411
383
331
410
422
436
423
387
359
402
432
392
455
414
370
432
403
413
370
372
422
449
428
373
393
382
373
415
429
418
375
371
355
414
398
429
384
435
423
390
403
377
380
383
392
402
375
402
432
412
422
393
397
376
370
422
429
429
394
396
377
406
410
446
377
404
361
411
376
381
362
396
367
371
395
393
413
404
397
413
379
384
423
413
416
411
399
418
379
377
404
403
402
423
410
426
395
449
406
410
370
417
408
392
401
375
447
409
397
432
419
424
431
355
393
418
352
375
437
415
396
401
385
399
408
421
413
392
362
342
400
403
363
392
369
414
398
353
439
365
419
415
455
446
373
418
449
404
393
450
421
418
423
345
411
419
422
412
409
393
412
371
370
398
357
359
381
383
406
378
372
341
367
404
401
385
382
379
399
404
385
430
384
360
407
389
416
440
386
424
412
387
377
385
409
378
339
415
381
396
329
403
433
406
411
428
396
352
434
361
437
425
412
381
413
422
443
415
384
428
401
366
408
379
409
372
417
374
367
449
396
386
454
381
397
406
401
382
404
404
408
379
403
397
416
437
435
404
404
376
353
395
418
395
412
405
401
423
395
396
410
386
443
410
423
431
406
373
385
443
393
411
419
463
408
377
423
375
390
404
396
391
410
406
392
368
386
401
415
393
381
383
381
373
395
353
419
400
359
365
425
375
414
362
369
397
403
411
379
406
418
419
416
370
368
415
412
371
415
354
395
380
367
438
361
380
363
401
429
382
435
387
374
428
405
389
351
434
388
405
408
378
409
415
391
413
394
436
407
356
375
407
409
385
399
443
422
395
384
352
399
417
410
366
429
411
405
368
376
402
377
406
374
369
372
441
404
387
433
345
379
381
398
416
386
407
440
367
435
438
387
342
388
386
387
382
356
431
380
468
415
348
425
368
373
406
397
360
408
360
415
396
405
395
410
424
391
363
416
411
369
388
403
408
433
385
383
369
348
371
439
406
418
354
391
407
395
365
370
404
405
403
400
362
393
380
382
426
366
417
447
400
439
360
407
403
410
420
414
400
397
412
416
387
414
428
384
409
415
385
409
391
400
367
379
349
397
410
368
402
370
403
390
379
394
373
420
402
375
391
410
371
416
414
427
390
443
421
405
396
382
391
428
407
409
398
424
402
385
391
397
408
448
389
389
410
414
422
449
393
436
388
354
379
418
411
381
421
397
393
399
371
407
431
351
418
386
389
444
326
414
407
355
366
388
401
392
399
418
383
396
346
409
379
387
398
344
421
395
411
427
381
386
412
407
404
423
433
395
374
379
415
350
371
343
378
363
359
398
398
393
389
432
381
381
362
392
414
373
401
410
423
386
397
399
438
339
414
398
386
369
404
390
398
420
372
385
374
412
403
357
414
430
402
373
411
438
454
413
397
426
411
420
373
389
391
385
381
365
388
377
372
422
417
346
353
378
417
395
425
330
412
366
328
401
389
471
405
378
384
368
437
419
415
370
366
402
428
377
377
408
421
401
423
391
417
390
356
419
423
413
402
398
415
362
425
407
376
384
410
430
406
401
410
393
375
435
472
381
412
417
378
365
399
420
428
415
401
392
417
388
440
393
430
371
414
405
418
389
391
372
417
397
414
418
437
390
419
371
426
405
357
360
420
376
427
404
388
368
374
405
412
418
443
403
420
391
418
400
403
389
420
353
362
415
436
408
426
399
360
410
397
415
396
414
319
438
413
425
397
430
408
401
403
404
367
447
406
425
384
408
420
425
443
405
425
387
399
388
407
385
405
395
365
402
410
423
404
407
395
405
339
364
421
432
405
437
377
404
386
389
422
361
366
341
394
422
363
434
403
413
369
376
394
387
435
424
385
384
442
355
435
405
369
403
361
403
392
399
372
407
406
392
385
389
393
383
435
377
402
414
421
376
384
361
388
413
402
374
393
385
392
386
391
361
384
414
362
430
408
405
340
425
432
404
365
376
398
437
359
420
431
464
407
366
367
370
397
383
380
383
380
385
404
417
356
380
338
405
431
420
431
403
406
421
427
377
489
393
399
349
394
403
389
399
398
404
371
400
403
366
366
352
413
344
431
414
395
382
372
411
405
434
394
395
387
344
434
370
415
360
378
389
360
337
370
411
366
342
398
403
378
402
398
423
387
379
405
383
410
400
422
342
418
398
394
381
436
380
381
437
368
412
377
346
387
449
389
395
396
406
359
407
399
389
398
407
425
338
433
433
360
430
381
440
440
423
433
386
395
411
396
408
411
441
423
383
392
397
437
407
429
365
371
423
397
437
365
401
348
386
342
421
389
355
356
351
368
387
343
385
392
405
415
355
382
405
362
409
415
436
397
375
438
422
420
374
377
444
401
416
430
390
368
379
390
387
389
415
371
438
377
388
378
391
372
418
437
424
398
394
392
430
351
437
408
377
389
405
358
401
361
393
375
436
358
402
363
383
391
353
411
406
421
392
370
388
405
416
374
332
429
382
359
438
391
337
395
335
445
420
404
367
345
373
442
350
432
410
436
392
426
399
398
369
413
421
379
399
387
441
416
410
408
344
403
409
425
378
396
388
399
414
362
345
423
386
423
404
385
375
426
399
414
371
400
369
394
424
383
373
405
384
397
419
438
396
411
368
415
412
422
432
382
346
381
431
436
426
397
410
382
427
376
399
376
386
394
405
401
410
371
432
435
443
414
391
377
396
449
395
391
430
358
379
432
415
401
362
401
426
393
398
371
371
371
405
375
395
395
381
381
401
395
368
394
417
402
388
411
358
394
415
357
411
402
418
407
398
423
393
395
407
433
435
425
384
418
394
412
411
383
386
406
405
361
432
380
422
390
392
411
357
409
369
353
423
395
410
389
421
375
431
345
398
385
379
369
374
367
417
437
353
430
359
386
422
426
413
376
407
349
381
399
390
413
379
412
435
409
387
455
394
391
392
388
384
388
375
375
374
425
368
439
394
378
358
418
374
408
437
352
375
404
392
374
402
431
399
415
371
361
393
447
442
386
355
367
364
354
353
387
415
434
437
359
364
357
391
441
418
420
420
410
408
417
405
363
369
395
367
353
403
380
437
375
445
408
397
451
388
404
373
413
372
381
337
403
395
360
397
418
424
358
400
375
399
387
402
414
400
446
435
388
370
428
383
393
385
398
367
369
393
408
367
376
438
352
417
380
412
377
394
362
421
390
377
424
393
391
395
410
417
388
387
384
363
414
367
415
349
397
406
355
422
363
421
425
416
407
451
429
352
445
423
375
410
358
398
473
432
404
381
417
421
408
429
336
419
360
377
396
372
400
381
375
411
432
358
405
413
354
365
368
369
348
352
416
369
408
356
392
421
386
380
410
373
365
408
387
393
406
383
356
369
397
407
423
367
398
354
363
401
369
405
353
429
393
413
367
450
366
407
402
379
401
407
376
394
419
366
428
383
377
401
421
406
359
362
349
388
439
418
418
460
367
367
378
417
381
400
376
387
433
410
358
471
357
394
376
397
363
395
434
390
395
433
436
407
422
417
396
372
405
365
437
434
420
392
409
388
427
393
399
431
392
404
363
416
402
388
399
401
405
394
390
403
419
401
382
402
408
384
451
422
413
404
404
374
459
373
431
404
398
444
375
429
367
367
440
411
393
417
398
404
355
412
394
376
387
402
355
442
418
360
394
406
401
378
373
414
441
362
391
394
420
380
412
346
446
359
431
426
399
354
411
429
442
407
360
370
361
395
450
416
408
411
398
448
429
450
446
410
435
350
425
369
414
414
380
375
421
407
399
465
435
414
402
352
416
385
378
395
368
412
363
416
407
368
346
382
381
422
435
422
423
369
375
392
430
418
356
385
401
392
386
396
443
398
411
399
445
448
411
406
398
368
407
427
401
406
367
432
408
370
375
434
414
389
405
460
388
381
413
371
392
404
376
368
436
398
423
424
375
366
362
443
418
430
369
425
362
416
429
339
383
413
408
409
349
393
374
417
366
413
378
377
390
368
385
380
374
418
432
397
416
426
425
373
406
399
389
358
405
384
395
392
431
369
399
401
402
385
396
395
379
380
392
336
397
399
403
464
412
376
407
378
404
443
372
359
348
411
416
417
406
366
368
410
372
379
415
376
373
391
393
341
371
356
424
369
391
409
407
386
400
433
387
397
425
415
374
411
381
362
383
398
409
454
372
396
479
414
415
400
393
414
363
383
382
410
373
391
418
404
361
406
398
402
421
394
365
397
374
433
358
359
425
391
409
418
411
413
382
362
394
402
387
381
418
384
417
453
404
426
345
435
435
374
350
384
421
402
393
438
377
413
369
400
392
436
390
366
356
350
427
372
397
386
387
405
380
418
350
440
439
431
419
438
429
427
342
368
411
406
393
433
430
353
381
425
345
421
414
392
380
419
371
397
375
401
369
354
380
345
376
395
402
398
411
407
384
390
391
373
406
391
383
428
356
363
362
412
412
364
392
414
399
416
421
365
346
403
433
388
409
419
375
417
401
407
423
387
400
432
358
407
405
375
421
379
363
402
386
381
421
443
402
369
411
436
405
367
396
416
403
405
411
401
427
359
416
411
375
416
418
414
362
394
391
376
391
410
414
386
368
383
401
393
409
431
386
412
406
396
352
413
381
405
376
383
431
424
439
351
412
373
422
439
454
412
382
364
393
406
367
428
374
398
374
382
393
453
409
405
389
414
415
390
436
403
421
422
345
427
390
359
372
404
433
389
421
387
412
334
392
390
378
399
455
352
424
401
419
393
428
386
370
382
375
401
404
405
459
401
387
404
397
376
437
406
373
376
417
410
414
404
416
403
430
393
424
392
396
406
344
434
429
369
420
378
396
371
361
374
377
401
424
373
428
394
435
378
384
418
356
396
368
415
393
412
409
430
381
410
397
424
372
417
371
399
387
387
373
398
347
420
363
339
420
399
397
401
411
393
443
370
388
424
395
355
429
387
413
415
397
395
426
378
389
358
389
407
407
447
387
407
443
384
471
400
408
399
392
398
402
426
357
370
433
389
384
362
457
381
366
381
411
411
423
388
372
439
339
436
412
403
404
415
380
390
418
370
396
368
426
377
415
398
402
382
425
445
388
384
378
409
413
405
422
414
401
419
421
350
423
361
418
393
405
368
429
405
397
413
424
417
409
393
400
458
372
393
383
381
359
425
415
386
340
361
418
382
373
415
464
371
406
416
401
372
358
380
344
383
416
370
377
406
407
349
430
378
363
416
413
362
380
356
436
360
408
432
398
402
459
456
376
368
374
395
398
390
363
407
397
427
390
398
433
386
429
417
409
385
378
386
396
397
390
367
431
383
377
378
434
403
377
427
418
385
405
361
394
432
373
434
400
399
387
404
392
385
403
423
420
377
360
431
430
409
380
365
413
387
402
398
411
428
424
370
400
341
377
380
383
378
384
410
408
405
384
410
371
406
364
444
439
414
415
405
392
447
427
424
401
378
401
380
425
409
423
422
400
413
377
406
427
446
414
400
368
394
377
388
397
363
374
372
374
410
384
412
425
449
377
360
411
403
431
409
384
417
401
381
371
359
398
426
408
389
406
360
401
364
390
420
400
380
376
366
413
337
371
414
400
378
389
411
375
394
414
386
412
356
428
338
407
406
427
374
392
406
394
374
429
434
434
380
403
459
409
401
336
363
359
404
392
416
426
433
415
404
392
374
363
404
384
395
386
401
417
347
385
350
411
394
345
377
436
367
415
406
354
383
419
403
376
368
370
392
396
415
387
370
410
431
437
395
401
400
436
405
399
424
380
387
385
369
354
418
403
384
408
372
372
419
363
404
376
422
392
381
413
374
386
419
403
412
381
370
400
403
367
403
405
380
361
419
410
382
403
410
401
409
408
421
398
360
427
479
426
399
408
391
405
385
400
398
362
438
437
431
397
429
384
382
394
432
365
398
387
434
391
408
391
369
422
397
353
409
426
435
382
365
401
429
423
353
364
441
410
402
419
418
348
388
406
406
411
434
424
403
353
406
324
418
393
376
398
382
441
414
400
434
401
388
406
427
389
405
411
427
376
389
387
401
393
358
383
453
402
384
388
393
412
412
410
387
389
453
381
426
402
353
377
367
384
396
404
393
418
397
422
404
417
420
409
418
400
419
413
413
403
463
420
376
430
396
406
418
388
417
396
440
369
424
414
412
407
415
404
427
415
444
417
402
387
408
402
415
400
441
395
391
404
381
465
434
421
422
408
393
375
395
407
388
419
433
404
412
399
429
419
353
383
394
377
416
377
434
393
368
391
404
419
414
412
397
369
409
404
390
411
385
472
405
403
433
396
435
420
406
419
426
421
414
372
396
374
384
425
418
421
384
419
365
453
371
392
428
384
392
391
411
414
402
425
388
425
372
404
371
368
377
407
385
421
367
435
393
349
349
403
383
397
394
402
398
372
373
431
440
394
443
408
399
386
402
404
373
413
466
390
422
389
418
397
419
377
374
409
395
357
394
342
377
400
366
401
439
359
352
384
382
396
380
409
390
402
408
351
421
380
390
431
381
407
431
447
390
415
395
370
419
410
419
402
434
412
396
373
385
413
395
385
376
392
405
395
420
395
383
441
402
407
373
381
426
414
378
412
447
438
363
402
392
394
405
382
412
396
394
432
360
423
408
372
432
403
431
358
409
411
345
386
374
386
397
423
408
395
385
352
437
397
371
415
425
425
395
404
370
388
399
409
410
407
435
360
421
405
431
436
414
419
387
403
387
399
404
414
407
356
402
408
369
386
378
391
374
389
381
385
363
365
406
404
417
386
354
435
392
440
384
407
395
396
394
417
385
416
359
398
383
405
423
416
374
393
407
376
464
403
423
382
418
401
355
402
381
417
385
450
448
392
416
371
358
375
378
406
367
437
415
396
414
339
425
362
405
353
377
376
351
443
415
398
378
392
428
382
375
404
419
372
413
410
431
358
392
382
425
386
393
392
422
395
421
360
395
403
434
419
357
391
403
411
405
391
385
373
392
372
413
419
378
438
389
370
410
369
369
439
372
386
393
406
386
381
395
437
396
369
362
370
339
363
406
409
383
359
374
387
401
412
388
416
372
383
416
396
391
411
428
375
411
376
409
459
402
398
361
383
447
412
406
398
407
402
410
416
404
398
420
388
372
403
374
383
388
349
384
393
371
382
404
382
365
392
366
397
402
398
414
364
403
391
419
402
392
390
351
378
434
422
413
403
403
412
383
409
388
388
395
434
419
410
426
421
425
377
404
439
397
441
352
379
376
389
430
408
424
412
392
366
438
365
362
391
386
384
398
431
401
399
422
386
409
390
412
384
380
375
380
413
403
377
382
364
350
413
451
420
343
416
432
400
343
402
418
392
405
436
414
421
375
380
420
380
412
410
374
390
375
398
386
388
408
410
450
389
350
395
367
375
383
352
401
405
367
354
409
422
418
396
399
417
359
415
414
419
390
436
426
376
376
416
414
414
424
391
396
350
427
373
362
383
435
385
415
389
421
384
419
440
411
381
370
448
424
365
425
392
361
356
372
386
416
381
406
363
436
429
365
392
371
348
411
415
393
376
395
377
366
377
369
445
410
414
373
417
376
388
406
367
411
358
350
359
420
384
367
390
362
377
394
376
427
375
373
350
418
366
401
416
358
413
421
416
364
410
381
411
405
416
410
371
378
398
403
392
386
371
401
375
390
416
425
396
411
441
373
387
395
396
408
417
400
425
360
400
399
354
375
376
393
344
373
353
409
388
358
412
421
428
393
383
407
364
420
384
387
403
390
342
393
411
391
396
334
414
411
418
400
386
395
377
395
402
382
424
412
375
402
396
404
411
396
385
358
383
383
401
390
359
416
399
389
367
375
406
378
424
382
391
371
388
418
435
455
395
434
431
378
423
428
387
413
428
392
399
399
383
377
403
353
403
440
390
401
359
356
415
403
384
421
400
439
405
361
429
410
426
397
404
397
380
404
397
389
386
429
374
367
381
383
399
373
400
395
384
364
388
393
404
418
418
380
375
399
414
464
345
413
447
376
388
465
372
438
349
434
400
410
380
421
405
410
413
423
417
342
430
384
416
396
379
401
398
412
407
369
357
370
383
365
422
400
411
438
387
400
382
388
348
419
399
422
388
438
413
411
409
379
412
361
379
426
386
370
439
429
403
422
383
375
398
410
420
367
406
404
399
412
412
384
364
394
412
385
414
415
400
370
398
384
386
416
373
344
396
416
369
392
362
393
419
419
401
396
418
392
377
422
355
419
448
391
396
387
440
402
361
364
373
436
420
381
366
347
414
405
414
424
413
385
400
414
356
422
411
380
434
348
389
373
386
339
396
353
293
421
407
335
387
382
363
425
383
440
379
413
403
357
442
391
402
397
371
398
432
384
384
368
431
415
385
374
419
436
384
421
391
365
440
420
411
346
391
379
414
377
415
404
363
410
390
438
416
450
419
429
343
420
361
398
410
452
429
412
418
394
392
369
418
365
401
359
388
439
421
380
404
363
417
429
400
415
406
352
381
407
366
398
371
413
432
429
395
405
384
413
385
378
422
392
414
473
405
433
424
415
394
350
414
409
416
410
392
403
400
379
371
409
414
391
389
369
389
442
411
403
394
420
373
399
386
363
446
374
396
424
424
405
378
443
343
429
402
389
377
361
406
369
386
387
421
399
380
375
404
400
411
453
436
423
378
417
363
404
412
422
404
413
401
419
375
434
444
379
413
353
406
383
421
383
392
405
442
386
413
385
346
409
412
383
412
372
422
399
347
421
400
392
353
387
445
401
360
445
396
381
388
381
396
361
398
388
345
391
421
393
375
391
387
338
400
400
426
405
447
366
369
395
427
409
355
406
379
337
411
399
374
427
415
387
386
361
411
390
392
389
394
431
385
360
394
402
361
402
382
399
389
390
375
380
363
409
387
401
388
362
415
451
410
383
438
421
387
356
388
407
359
368
377
412
415
373
377
398
431
407
421
362
390
376
393
390
340
395
393
427
385
380
392
357
439
389
414
386
391
400
375
359
418
361
372
404
404
387
381
410
354
423
351
418
399
408
418
369
419
386
436
395
418
367
385
418
394
402
407
399
417
380
359
365
430
420
415
428
410
395
434
434
266
385
401
358
415
355
416
403
409
371
413
414
359
429
436
449
417
427
369
337
360
431
398
408
396
400
385
412
395
374
372
424
379
390
390
414
416
434
352
421
386
383
401
392
358
419
441
414
415
362
404
412
346
393
362
386
388
383
423
379
453
365
401
403
415
407
391
370
413
394
384
378
392
401
359
422
396
420
391
379
376
402
427
373
391
415
405
401
401
407
413
426
378
418
416
361
389
401
371
374
393
402
413
393
408
394
401
402
460
388
407
378
429
415
367
379
433
410
353
421
430
413
382
381
382
421
437
352
390
443
401
422
378
373
426
417
406
407
379
421
359
435
401
389
420
394
409
447
354
408
411
420
387
415
382
396
423
410
329
400
416
373
350
395
447
381
422
421
407
367
405
421
371
392
382
425
411
393
385
362
371
351
441
383
440
370
379
408
367
409
404
339
442
390
446
401
413
394
431
374
427
384
386
435
409
365
408
422
412
405
396
404
365
352
414
419
405
377
432
383
403
417
393
380
412
386
408
446
366
410
416
385
404
413
444
450
394
348
332
417
403
408
415
389
385
427
420
419
385
396
439
428
395
404
451
472
425
378
405
410
434
447
379
370
400
441
387
368
377
350
399
432
378
436
421
406
378
395
400
396
375
406
378
442
414
359
409
404
434
372
379
372
421
398
378
377
401
394
423
399
419
369
400
388
421
419
381
420
383
393
370
471
379
396
414
376
417
354
445
384
411
427
408
418
375
436
372
383
386
401
378
353
401
423
403
396
390
379
391
387
404
405
396
388
361
361
407
361
346
357
409
384
378
390
388
392
363
413
368
428
388
387
429
392
390
433
364
406
407
422
417
376
427
434
386
431
461
394
374
375
356
362
421
357
423
416
393
375
374
418
449
420
436
433
402
403
401
413
377
421
379
399
455
400
406
368
418
362
375
399
439
395
370
372
405
396
408
354
362
397
453
395
419
413
402
455
414
405
396
431
381
413
412
337
356
396
405
421
394
390
427
373
404
401
393
435
407
394
411
408
416
355
353
418
371
367
371
391
421
388
404
428
388
404
393
449
420
426
397
390
408
397
409
398
406
382
379
391
396
361
404
437
400
342
356
384
384
397
403
346
406
425
399
400
370
392
353
375
387
417
389
429
393
415
402
374
393
411
391
372
381
398
377
378
365
425
392
370
481
410
417
396
386
438
423
357
418
348
392
406
363
336
443
411
411
423
400
421
405
401
353
409
340
393
350
410
437
378
395
410
393
411
396
389
404
408
402
412
404
347
414
368
398
432
424
360
422
404
396
415
400
413
424
440
376
359
447
414
367
400
389
396
398
352
367
412
414
392
392
415
377
359
355
422
464
405
357
396
395
421
367
385
418
416
359
406
344
396
425
395
426
413
408
363
411
423
462
424
397
366
395
360
373
352
363
380
393
395
417
425
377
419
429
369
411
401
358
406
422
395
413
402
406
407
403
398
411
417
405
395
428
456
416
447
411
395
376
370
436
431
409
392
371
418
397
378
422
383
386
405
359
411
342
346
388
430
334
419
390
368
427
384
416
475
359
431
424
426
389
342
367
400
391
386
398
357
437
427
395
409
389
413
391
422
403
396
373
381
418
399
416
364
425
404
378
382
400
416
393
429
404
394
365
401
389
455
415
440
356
418
368
429
455
411
394
376
363
266
370
370
399
377
386
379
393
424
421
239
411
417
342
421
381
418
383
380
407
357
407
407
392
416
434
401
364
417
402
338
400
370
387
343
400
404
399
379
371
430
418
367
418
349
365
411
453
408
437
417
427
405
369
385
375
450
407
400
389
416
402
408
368
431
419
389
362
396
379
427
405
419
411
374
398
435
389
376
354
431
397
387
392
356
385
369
410
445
341
381
423
358
445
412
386
435
406
395
433
404
397
384
383
432
405
388
402
386
381
408
406
393
363
423
443
372
408
394
400
400
388
402
410
395
373
354
356
405
416
399
404
418
402
400
390
437
371
429
427
378
372
371
411
407
445
388
374
380
418
416
371
347
505
408
452
395
360
377
396
369
382
412
359
355
441
444
359
424
387
403
399
408
376
389
389
459
399
406
356
394
408
421
420
414
420
381
371
356
395
402
376
397
362
370
436
375
398
377
383
434
413
395
398
370
382
410
370
408
420
401
382
392
385
397
416
399
417
391
398
347
419
412
375
399
374
417
403
382
365
423
348
414
389
362
361
411
438
372
426
402
373
415
375
434
368
412
444
428
395
404
405
409
391
385
414
418
400
403
415
385
443
421
407
369
414
394
403
444
406
400
423
395
414
433
412
421
409
416
389
373
417
418
365
394
368
407
399
416
361
389
443
390
405
371
358
382
426
430
395
368
386
372
407
428
411
406
391
438
417
456
407
429
384
387
412
377
412
411
399
405
413
432
386
405
411
351
403
407
380
385
380
419
425
371
374
378
379
384
385
375
399
440
394
434
445
461
385
414
403
369
370
386
392
433
399
373
368
423
396
443
420
425
405
385
419
377
419
405
398
390
382
398
371
390
375
394
382
441
424
381
426
383