Month Day Time State "F.Scale" Injuries Fatalities PropLoss Length Width NumberStates F0 ln(Length)
1 2 9:03:00 TX 1 0 0 30000 2.55 100 1 No 0.9360933591703346
1 2 9:44:00 TX 1 0 0 30000 2.57 100 1 No 0.9439058989071284
1 2 10:06:00 LA 1 0 0 25000 0.3 20 1 No -1.2039728043259361
1 2 10:17:00 LA 1 0 0 50000 1.2 50 1 No 0.1823215567939546
1 2 10:30:00 LA 1 0 0 20000 4.64 100 1 No 1.534714366238164
1 2 10:30:00 LA 1 0 0 150000 2.74 100 1 No 1.007957920399979
1 2 11:06:00 LA 1 0 0 50000 0.54 50 1 No -0.616186139423817
1 2 11:30:00 LA 0 0 0 75000 0.54 25 1 Yes -0.616186139423817
1 2 11:31:00 LA 1 0 0 250000 1.4 100 1 No 0.33647223662121284
1 2 11:44:00 LA 1 0 0 1000000 1.64 200 1 No 0.494696241836107
1 2 11:47:00 LA 1 0 0 1000000 2.84 200 1 No 1.0438040521731147
1 2 11:51:00 LA 1 0 0 2500000 1.05 200 1 No 0.04879016416943205
1 2 13:02:00 MS 0 0 0 50000 3.89 250 1 Yes 1.358409157630355
1 2 13:14:00 MS 1 0 0 40000 5.59 200 1 No 1.7209792871670078
1 2 13:21:00 MS 1 0 0 425000 6.81 300 1 No 1.918392120161421
1 2 13:45:00 LA 1 0 0 0 0.08 75 1 No -2.5257286443082556
1 2 13:55:00 MS 1 0 0 0 3.96 100 1 No 1.3762440252663892
1 2 14:00:00 MS 1 0 0 0 0.85 100 1 No -0.16251892949777494
1 2 14:02:00 MS 1 0 0 200000 9.43 400 1 No 2.2438960966453663
1 2 14:21:00 MS 2 0 0 100000 4.2 300 1 No 1.4350845252893227
1 2 14:43:00 MS 1 0 0 110000 3.85 275 1 No 1.3480731482996928
1 2 14:44:00 LA 0 0 0 0 0.01 5 1 Yes -4.605170185988091
1 2 14:52:00 MS 1 0 0 80000 8.36 225 1 No 2.1234584270966104
1 2 15:28:00 MS 0 0 0 20000 1.5 75 1 Yes 0.4054651081081644
1 2 16:24:00 AL 1 0 0 0 3.4 485 1 No 1.2237754316221157
1 2 16:58:00 GA 1 0 0 60000 0.59 200 1 No -0.527632742082372
1 2 19:35:00 AL 2 0 0 550000 7.82 500 1 No 2.05668455455722
1 2 19:46:00 AL 1 0 0 100000 2.52 200 1 No 0.924258901523332
1 2 20:12:00 GA 2 0 0 500000 4.34 400 1 No 1.4678743481123135
1 2 20:14:00 GA 1 0 0 250000 3.73 600 1 No 1.3164082336557241
1 2 20:18:00 GA 2 0 0 500000 10.87 1000 1 No 2.386006701133118
1 2 20:34:00 GA 2 0 0 100000 4.43 500 1 No 1.4883995840570443
1 2 20:41:00 GA 1 0 0 50000 9.91 1000 1 No 2.2935443483418965
1 2 20:52:00 GA 0 0 0 250000 0.66 400 1 Yes -0.4155154439616658
1 2 21:08:00 GA 1 0 0 100000 3.97 200 1 No 1.3787660946990992
1 2 21:32:00 GA 1 0 0 500000 8.95 600 1 No 2.191653532286764
1 7 0:30:00 FL 0 0 0 0 0.24 50 1 Yes -1.4271163556401458
1 9 16:00:00 CA 0 0 0 0 0.18 20 1 Yes -1.7147984280919268
1 11 2:01:00 CA 0 0 0 25000 0.42 130 1 Yes -0.8675005677047232
1 13 9:33:00 TX 0 0 0 0 1.19 25 1 Yes 0.17395330712343798
1 15 15:48:00 TX 0 0 0 0 1.25 20 1 Yes 0.22314355131420976
1 15 17:45:00 TX 2 0 0 500000 12.92 200 1 No 2.558776498354456
1 15 18:17:00 TX 1 0 0 90000 1.38 120 1 No 0.3220834991691133
1 15 18:35:00 TX 1 2 0 300000 6.5 200 1 No 1.8718021769015913
1 15 19:00:00 TX 2 0 0 0 1.99 450 1 No 0.688134638736401
1 15 20:11:00 TX 0 0 0 150000 3.07 40 1 Yes 1.1216775615991057
1 15 20:43:00 TX 0 0 0 120000 0.31 80 1 Yes -1.171182981502945
1 16 2:43:00 TX 0 0 0 300000 3.13 250 1 Yes 1.1410330045520618
1 16 7:31:00 TX 0 0 0 0 0.1 20 1 Yes -2.3025850929940455
1 16 8:35:00 TX 0 0 0 0 0.1 20 1 Yes -2.3025850929940455
1 16 8:40:00 TX 0 0 0 0 0.2 20 1 Yes -1.6094379124341003
1 18 13:40:00 TX 1 0 0 50000 0.6 25 1 No -0.5108256237659907
1 19 7:53:00 MS 2 1 0 2300000 19.26 500 1 No 2.9580304063699794
1 19 17:58:00 AL 1 0 0 0 0.7 175 1 No -0.35667494393873245
1 21 3:35:00 MS 3 57 4 9460000 31.06 900 1 No 3.435920817720541
1 21 5:14:00 AL 2 4 0 750000 20.42 800 1 No 3.01651481273652
1 21 5:55:00 AL 1 0 0 0 4.17 900 1 No 1.4279160358107101
1 21 7:49:00 GA 1 0 0 50000 5.42 200 1 No 1.6900958154515549
1 21 7:55:00 AL 1 0 0 0 0.68 200 1 No -0.38566248081198456
1 21 7:55:00 AL 1 0 0 0 1.53 450 1 No 0.4252677354043441
1 21 7:57:00 AL 0 0 0 0 0.21 90 1 Yes -1.5606477482646683
1 21 8:48:00 AL 1 0 0 0 2.84 100 1 No 1.0438040521731147
1 21 8:49:00 AL 0 0 0 0 2.38 150 1 Yes 0.8671004876833832
1 21 8:55:00 AL 1 0 0 0 37.34 400 1 No 3.6200651381135764
1 21 8:56:00 AL 0 0 0 0 1.07 150 1 Yes 0.06765864847381486
1 21 9:00:00 AL 0 0 0 0 0.83 150 1 Yes -0.18632957819149348
1 21 9:08:00 AL 0 0 0 0 0.12 50 1 Yes -2.120263536200091
1 21 9:19:00 AL 1 0 0 0 0.92 300 1 No -0.08338160893905101
1 21 9:33:00 GA 1 0 0 75000 10.84 400 1 No 2.3832429960115
1 21 10:06:00 GA 0 0 0 10000 1.92 100 1 Yes 0.6523251860396901
1 21 10:14:00 GA 1 0 0 65000 9.52 300 1 No 2.253394848803274
1 21 10:18:00 GA 1 0 0 100000 12.25 400 1 No 2.505525936990736
1 21 10:22:00 GA 2 0 0 300000 5.68 300 1 No 1.7369512327330598
1 21 10:25:00 GA 1 0 0 75000 5.26 200 1 No 1.6601310267496183
1 21 10:32:00 GA 0 0 0 20000 0.78 100 1 Yes -0.2484613592984996
1 21 10:39:00 GA 1 0 0 20000 1.87 175 1 No 0.6259384308664953
1 21 10:59:00 GA 1 0 0 30000 8.92 100 1 No 2.188295946591918
1 21 11:08:00 GA 0 0 0 15000 8.84 250 1 Yes 2.179286876649552
1 21 11:11:00 GA 2 0 0 295000 12.85 350 1 No 2.553343811341229
1 21 11:46:00 GA 0 0 0 50000 4.23 100 1 Yes 1.4422019930581866
1 21 11:50:00 GA 1 0 0 30000 4.32 100 1 No 1.463255402256019
1 21 11:54:00 GA 1 0 0 10000 5.84 100 1 No 1.7647307968401358
1 21 12:10:00 GA 0 0 0 25000 0.57 50 1 Yes -0.5621189181535413
1 21 12:20:00 GA 0 0 0 12000 2.18 85 1 Yes 0.7793248768009977
1 21 12:28:00 GA 1 0 0 10000 0.53 70 1 No -0.6348782724359695
1 21 12:39:00 GA 0 0 0 10000 6.39 100 1 Yes 1.8547342683894434
1 21 12:40:00 GA 1 0 0 30000 2.59 300 1 No 0.9516578757114463
1 21 12:45:00 GA 1 0 0 50000 1.3 300 1 No 0.26236426446749106
1 21 12:46:00 GA 1 0 0 60000 8.38 300 1 No 2.125847914493992
1 21 13:09:00 GA 0 0 0 0 1.3 250 1 Yes 0.26236426446749106
1 21 13:11:00 GA 0 0 0 50000 4.8 200 1 Yes 1.5686159179138452
1 21 13:23:00 GA 0 0 0 0 1.5 100 1 Yes 0.4054651081081644
1 21 13:40:00 GA 1 0 0 0 1 75 1 No 0
1 21 13:42:00 GA 0 0 0 0 0.69 50 1 Yes -0.37106368139083207
1 21 13:50:00 GA 0 0 0 0 0.91 250 1 Yes -0.09431067947124129
1 21 13:52:00 GA 1 0 0 0 2.7 525 1 No 0.9932517730102834
1 21 14:47:00 SC 2 1 0 0 13.78 1600 1 No 2.6232182655855123
1 21 15:09:00 SC 1 0 0 0 5.47 400 1 No 1.6992786164338898
1 21 16:18:00 TX 2 0 0 1000000 6.93 230 1 No 1.9358598132018119
1 21 16:19:00 TX 1 0 0 250000 0.81 100 1 No -0.21072103131565253
1 21 16:50:00 TX 2 1 0 900000 13.36 800 2 No 2.5922651681085
1 21 16:50:00 TX 2 1 0 825000 10.99 800 2 No 2.3969857684155302
1 21 17:23:00 LA 2 0 0 75000 2.37 400 2 No 0.8628899551470399
1 21 17:12:00 LA 2 1 0 825000 10.79 990 1 No 2.378619779270043
1 21 17:55:00 LA 1 0 0 10000 3.5 350 1 No 1.252762968495368
1 21 17:56:00 LA 2 1 0 500000 2.04 300 1 No 0.712949807856125
1 21 19:00:00 LA 1 1 0 250000 2.23 150 1 No 0.8020015854720274
1 21 19:04:00 AR 1 0 0 10000 2.89 75 1 No 1.061256502124341
1 21 19:38:00 AR 0 0 0 25000 0.61 50 1 Yes -0.4942963218147801
1 21 19:51:00 LA 0 0 0 25000 1.24 150 1 Yes 0.2151113796169455
1 21 20:29:00 LA 0 0 0 90000 0.16 100 1 Yes -1.8325814637483102
1 21 20:45:00 AR 0 0 0 3000 0.67 50 1 Yes -0.40047756659712525
1 21 20:48:00 LA 0 0 0 10000 0.62 50 1 Yes -0.4780358009429998
1 21 21:04:00 LA 1 0 0 145000 8.87 300 1 No 2.182674796321488
1 21 22:44:00 MS 2 1 0 175000 7.28 550 1 No 1.9851308622085946
1 22 1:56:00 GA 2 3 0 270000 18.67 700 1 No 2.9269179575536315
1 22 2:29:00 GA 3 45 11 2500000 24.66 700 1 No 3.2051824977361982
1 22 3:25:00 GA 1 0 0 0 0.59 250 1 No -0.527632742082372
1 22 3:47:00 GA 1 0 0 0 3.11 1200 1 No 1.1346227261911428
1 22 4:52:00 GA 1 0 0 0 11.12 1900 1 No 2.4087452888224363
1 22 6:00:00 GA 1 0 0 250000 4.84 400 1 No 1.5769147207285403
1 22 12:36:00 AL 0 0 0 0 0.28 200 1 Yes -1.2729656758128873
1 22 13:02:00 AL 1 0 0 100000 5.52 100 1 No 1.7083778602890038
1 22 13:06:00 AL 1 0 0 0 1.98 320 1 No 0.6830968447064438
1 22 13:38:00 GA 2 1 0 650000 12.03 400 1 No 2.4874035299865875
1 22 13:46:00 AL 0 0 0 0 4.76 200 1 Yes 1.5602476682433286
1 22 13:50:00 FL 1 0 0 0 2.36 350 1 No 0.8586616190375187
1 22 14:00:00 AL 1 0 0 0 3.08 540 1 No 1.1249295969854831
1 22 14:15:00 GA 3 88 5 310300000 70.4 2200 1 No 4.254193263163997
1 22 14:52:00 GA 1 0 0 20000 6.93 300 1 No 1.9358598132018119
1 22 15:00:00 GA 1 0 0 10000 0.29 900 1 No -1.2378743560016174
1 22 15:15:00 GA 1 0 0 20000 2.24 100 1 No 0.8064758658669486
1 22 15:22:00 GA 0 0 0 10000 0.56 50 1 Yes -0.579818495252942
1 22 15:47:00 GA 1 0 0 0 3.11 1200 1 No 1.1346227261911428
1 22 17:26:00 GA 1 0 0 0 16.64 120 1 No 2.8118094353930627
1 22 17:29:00 GA 1 0 0 0 1.65 120 1 No 0.5007752879124892
1 23 0:25:00 FL 1 0 0 0 3.22 90 1 No 1.169381359556317
1 23 0:40:00 FL 1 0 0 1000000 5.79 130 1 No 1.7561322915849038
1 23 2:45:00 FL 1 0 0 0 2.79 123 1 No 1.0260415958332743
2 7 9:16:00 TN 0 0 0 15000 0.5 50 1 Yes -0.6931471805599453
2 7 10:20:00 LA 2 3 0 0 23.08 500 1 No 3.138966441639899
2 7 10:51:00 LA 0 0 0 0 0.95 25 1 Yes -0.05129329438755058
2 7 11:04:00 LA 1 0 1 0 6.13 75 1 No 1.81319474994812
2 7 11:12:00 LA 3 33 0 0 10.09 600 1 No 2.3115448343655176
2 7 11:50:00 LA 3 3 0 0 6.43 350 1 No 1.860974538249528
2 7 12:20:00 LA 1 0 0 0 0.26 50 1 No -1.3470736479666092
2 7 13:42:00 AL 0 0 0 0 0.2 85 1 Yes -1.6094379124341003
2 7 15:23:00 AL 0 1 0 100000 0.51 150 1 Yes -0.6733445532637656
2 7 15:36:00 GA 1 0 0 150000 2.31 250 1 No 0.8372475245337022
2 7 16:07:00 MS 2 0 0 350000 4.83 880 1 No 1.5748464676644813
2 7 17:23:00 MS 1 0 0 100000 3.09 50 1 No 1.128171090909654
2 7 19:40:00 KY 0 0 0 25000 1.84 50 1 Yes 0.6097655716208943
2 7 21:00:00 FL 1 0 0 0 1.06 75 1 No 0.058268908123975824
2 7 21:37:00 FL 1 0 0 0 0.53 160 1 No -0.6348782724359695
2 9 2:51:00 GA 2 7 0 0 9.81 300 1 No 2.2834022735772717
2 14 7:40:00 TX 0 0 0 10000 1 200 1 Yes 0
2 14 8:15:00 TX 1 6 0 900000 1.72 300 1 No 0.5423242908253616
2 14 8:21:00 TX 2 0 0 1000000 0.68 300 1 No -0.38566248081198456
2 14 8:27:00 TX 0 0 0 500000 0.6 30 1 Yes -0.5108256237659907
2 14 8:34:00 TX 0 0 0 200000 0.4 200 1 Yes -0.916290731874155
2 14 8:38:00 TX 0 0 0 150000 0.76 100 1 Yes -0.2744368457017603
2 14 8:40:00 TX 0 0 0 100000 1.49 150 1 Yes 0.3987761199573678
2 15 10:30:00 SC 1 0 0 997000 4.92 60 1 No 1.5933085305042167
2 15 10:53:00 NC 1 0 0 80000 3.18 60 1 No 1.1568811967920856
2 19 22:36:00 TX 2 0 0 0 4.64 600 1 No 1.534714366238164
2 19 22:42:00 TX 0 0 0 0 1.61 100 1 Yes 0.47623417899637166
2 19 22:43:00 TX 1 0 0 0 3 200 1 No 1.0986122886681096
2 19 23:00:00 TX 0 0 0 0 0.7 100 1 Yes -0.35667494393873245
2 19 23:16:00 TX 0 0 0 0 0.23 75 1 Yes -1.4696759700589417
2 19 23:26:00 TX 1 0 0 0 9.75 300 1 No 2.277267285009756
2 19 23:48:00 TX 0 0 0 0 3 100 1 Yes 1.0986122886681096
2 20 0:25:00 TX 2 0 0 0 9.4 200 1 No 2.2407096892759584
2 20 0:28:00 TX 2 0 0 0 4.24 100 1 No 1.4445632692438664
2 25 13:35:00 PA 2 0 0 300000 12.52 500 1 No 2.5273273656719524
2 25 14:06:00 MD 1 0 0 0 8.44 125 1 No 2.1329823086078656
2 25 14:15:00 PA 1 0 0 200000 1.7 100 1 No 0.5306282510621704
2 25 18:18:00 MA 1 0 0 250000 2.9 100 1 No 1.0647107369924282
2 25 18:23:00 MA 1 1 0 400000 4.64 200 1 No 1.534714366238164
2 28 15:53:00 IA 0 0 0 0 0.04 25 1 Yes -3.2188758248682006
2 28 16:12:00 IL 1 0 0 100000 5.53 100 1 No 1.7101878155342436
2 28 16:27:00 IL 0 0 0 0 1.75 50 1 Yes 0.5596157879354227
2 28 16:41:00 IL 3 14 2 0 11.5 800 1 No 2.4423470353692043
2 28 16:44:00 IL 1 0 0 0 2.62 75 1 No 0.9631743177730056
2 28 16:58:00 IL 1 0 0 0 2.8 200 1 No 1.0296194171811581
2 28 17:04:00 IL 0 0 0 0 1.2 200 1 Yes 0.1823215567939546
2 28 17:07:00 IL 1 0 0 0 1.5 50 1 No 0.4054651081081644
2 28 17:10:00 IL 0 0 0 0 0.07 25 1 Yes -2.659260036932778
2 28 17:15:00 IL 0 0 0 75000 0.89 100 1 Yes -0.11653381625595151
2 28 17:26:00 IL 3 0 0 2000000 17.77 600 1 No 2.87751164216656
2 28 17:53:00 IL 2 0 0 0 4.5 75 1 No 1.5040773967762742
2 28 18:40:00 MO 1 0 0 0 4.36 80 1 No 1.472472057360943
2 28 19:03:00 AR 1 4 0 50000 1.37 120 1 No 0.3148107398400336
2 28 19:07:00 AR 2 1 0 70000 1.1 250 1 No 0.09531017980432493
2 28 19:16:00 MO 0 0 0 0 4.44 50 1 Yes 1.4906543764441336
2 28 19:51:00 MO 4 12 1 14800000 53.47 1100 2 No 3.97912074896064
2 28 19:51:00 MO 4 12 1 8000000 17.39 1100 2 No 2.855895328366192
2 28 20:12:00 IL 3 0 0 6800000 36.08 850 2 No 3.585738695194423
2 28 19:54:00 MI 1 0 0 0 0.57 100 1 No -0.5621189181535413
2 28 19:58:00 MI 1 0 0 0 4.99 100 1 No 1.6074359097634274
2 28 20:12:00 MI 1 0 0 0 2.7 150 1 No 0.9932517730102834
2 28 20:38:00 MI 1 0 0 0 2.04 50 1 No 0.712949807856125
2 28 21:33:00 IL 1 1 0 0 0.66 50 1 No -0.4155154439616658
2 28 21:43:00 IL 1 0 0 0 2.33 50 1 No 0.8458682675776092
2 28 21:55:00 IL 3 2 1 5700000 44.13 440 2 No 3.787139823281456
2 28 21:55:00 IL 3 1 1 2000000 9.56 420 2 No 2.25758772706331
2 28 22:08:00 IN 3 1 0 3700000 34.57 440 2 No 3.5429862539335333
2 28 22:35:00 KY 0 0 0 70000 8.8 30 1 Yes 2.174751721484161
2 28 22:37:00 KS 0 0 0 50000 0.1 75 1 Yes -2.3025850929940455
2 28 22:43:00 KS 0 0 0 10000 0.1 75 1 Yes -2.3025850929940455
2 28 22:44:00 IL 1 0 0 6000 7.36 25 1 No 1.9960599327407849
2 28 23:03:00 IN 2 0 0 350000 5.8 150 1 No 1.7578579175523736
2 28 23:28:00 KY 1 0 0 300000 8.58 400 1 No 2.149433913499871
3 1 0:30:00 MO 0 0 0 25000 1 100 1 Yes 0
3 1 0:35:00 KY 1 0 0 50000 0.78 90 1 No -0.2484613592984996
3 1 1:29:00 AR 1 0 0 20000 0.14 200 1 No -1.9661128563728327
3 1 1:31:00 OH 0 0 0 30000 6.87 250 1 Yes 1.927164106234258
3 1 1:40:00 OH 0 0 0 10000 4.53 100 1 Yes 1.5107219394949427
3 1 2:16:00 AR 1 0 0 30000 1 250 1 No 0
3 1 2:18:00 AR 0 0 0 40000 1.1 50 1 Yes 0.09531017980432493
3 1 2:33:00 AR 1 0 0 20000 3.9 250 1 No 1.3609765531356006
3 1 2:38:00 OH 1 0 0 400000 6.39 150 1 No 1.8547342683894434
3 1 3:13:00 AR 1 0 0 30000 4.24 200 1 No 1.4445632692438664
3 1 3:20:00 AR 1 0 0 100000 1.6 125 1 No 0.4700036292457356
3 1 4:00:00 IN 2 0 0 40000 0.15 30 1 No -1.8971199848858813
3 1 4:05:00 IN 2 0 0 65000 1.52 30 1 No 0.41871033485818504
3 1 4:08:00 IL 0 0 0 2000 4.11 25 1 Yes 1.4134230285081433
3 1 4:10:00 IN 1 0 0 35000 0.04 30 1 No -3.2188758248682006
3 1 4:30:00 IN 1 0 0 22000 0.21 40 1 No -1.5606477482646683
3 1 4:37:00 IN 2 1 0 175000 0.68 25 1 No -0.38566248081198456
3 1 4:40:00 MO 1 0 0 400000 15.21 200 1 No 2.7219531062712017
3 1 4:41:00 IN 1 0 0 150000 5.8 100 1 No 1.7578579175523736
3 1 4:45:00 IN 2 0 0 45000 0.25 50 1 No -1.3862943611198906
3 1 4:51:00 TN 0 0 0 50000 3.71 50 1 Yes 1.3110318766193438
3 1 5:04:00 IN 1 0 0 200000 0.33 20 1 No -1.1086626245216111
3 1 5:05:00 IN 1 10 0 250000 2.15 125 1 No 0.7654678421395714
3 1 5:25:00 KY 2 0 0 170000 1.55 200 1 No 0.4382549309311553
3 1 5:36:00 KY 1 0 0 100000 1.08 200 1 No 0.0769610411361284
3 1 6:03:00 OH 0 0 0 250000 1.05 350 1 Yes 0.04879016416943205
3 1 6:39:00 OH 1 0 0 50000 2.19 150 1 No 0.7839015438284094
3 1 6:57:00 KY 1 0 0 100000 1.57 75 1 No 0.45107561936021673
3 1 7:00:00 TN 1 0 0 7270000 10.48 250 1 No 2.349468678892896
3 1 7:16:00 OH 1 0 0 30000 0.57 125 1 No -0.5621189181535413
3 1 7:17:00 TN 0 0 0 55000 3.15 100 1 Yes 1.1474024528375417
3 1 7:24:00 KY 1 0 0 250000 2.63 125 1 No 0.9669838461896731
3 1 7:37:00 TN 0 0 0 15000 3.32 100 1 Yes 1.199964782928397
3 1 7:40:00 TN 1 0 0 110000 7.17 200 1 No 1.969905654611529
3 1 7:51:00 TN 1 0 0 40000 3.91 200 1 No 1.3635373739972745
3 1 8:04:00 TN 1 0 0 25000 7.62 150 1 No 2.030776369698555
3 1 8:07:00 OH 1 0 0 80000 0.05 300 1 No -2.995732273553991
3 1 8:35:00 TN 1 0 0 10000 0.11 90 1 No -2.2072749131897207
3 1 15:27:00 GA 1 0 0 100000 2.88 150 1 No 1.0577902941478545
3 5 11:55:00 TX 0 0 0 0 0.01 30 1 Yes -4.605170185988091
3 5 12:05:00 TX 0 0 0 0 0.01 20 1 Yes -4.605170185988091
3 6 17:04:00 MN 1 0 0 0 9.32 200 1 No 2.2321626286975
3 6 17:23:00 IA 0 0 0 0 2.38 30 1 Yes 0.8671004876833832
3 6 17:28:00 IA 1 0 0 70000 2.87 50 1 No 1.0543120297715298
3 6 17:35:00 KS 0 0 0 0 0.1 50 1 Yes -2.3025850929940455
3 6 17:36:00 KS 0 0 0 0 16.06 50 1 Yes 2.7763317085186157
3 6 17:37:00 KS 0 0 0 0 0.01 25 1 Yes -4.605170185988091
3 6 17:37:00 KS 0 0 0 0 0.12 50 1 Yes -2.120263536200091
3 6 17:38:00 MN 1 0 0 0 11.9 300 1 No 2.4765384001174837
3 6 17:39:00 MN 1 0 0 0 8.78 300 1 No 2.172476407647025
3 6 17:59:00 KS 0 0 0 0 1.85 50 1 Yes 0.6151856390902335
3 6 18:13:00 KS 0 0 0 0 5.21 50 1 Yes 1.6505798557652755
3 6 18:27:00 IA 0 0 0 125000 17.86 85 1 Yes 2.882563575448353
3 6 18:30:00 MO 0 0 0 0 5.8 25 1 Yes 1.7578579175523736
3 6 18:58:00 IA 1 0 0 25000 6.32 300 1 No 1.843719208158766
3 6 19:05:00 KS 0 0 0 0 0.11 50 1 Yes -2.2072749131897207
3 6 19:19:00 IA 1 0 0 80000 4.83 100 1 No 1.5748464676644813
3 6 19:24:00 MO 2 0 0 0 19.57 1000 1 No 2.9739977814079848
3 6 19:29:00 IA 1 0 0 50000 5.33 120 1 No 1.673351238177753
3 6 19:35:00 IA 1 0 0 20000 6.76 80 1 No 1.9110228900548727
3 6 19:38:00 KS 1 0 0 0 3.05 50 1 No 1.11514159061932
3 6 19:40:00 MO 1 0 0 0 10.34 100 1 No 2.336019869080283
3 6 19:47:00 IA 0 0 0 25000 5.45 65 1 Yes 1.6956156086751528
3 6 19:51:00 KS 0 0 0 0 0.32 100 1 Yes -1.1394342831883648
3 6 20:03:00 MO 0 0 0 0 2.29 25 1 Yes 0.8285518175661483
3 6 20:11:00 MO 3 12 0 0 17.74 400 1 No 2.8758219768814333
3 6 20:16:00 IA 2 0 0 2020000 14.92 250 1 No 2.702702594775615
3 6 20:30:00 IA 1 0 0 40000 8.01 60 1 No 2.080690761080268
3 6 20:33:00 IA 2 0 0 750000 9.66 90 1 No 2.2679936482244267
3 6 20:34:00 MO 1 0 0 0 1.75 50 1 No 0.5596157879354227
3 6 20:40:00 MO 0 0 0 0 5.97 100 1 Yes 1.7867469274045107
3 6 20:40:00 MO 0 0 0 0 17.45 400 1 Yes 2.859339648648436
3 6 20:46:00 WI 1 0 0 290000 2.6 200 1 No 0.9555114450274365
3 6 20:56:00 MO 1 0 0 0 19.81 100 1 No 2.9861868607104594
3 6 21:10:00 MO 0 0 0 0 3.88 25 1 Yes 1.355835153635182
3 6 21:17:00 MO 0 0 0 0 7.79 25 1 Yes 2.052840859882657
3 6 21:40:00 MO 1 1 0 0 18.47 150 1 No 2.9161477942111484
3 6 21:44:00 OK 1 0 0 100000 6.1 650 1 No 1.8082887711792655
3 6 21:50:00 IA 0 0 0 5000 5.7 25 1 Yes 1.7404661748405044
3 6 21:56:00 IA 2 0 0 0 0.31 150 1 No -1.171182981502945
3 6 22:00:00 MO 1 0 0 5000 0.75 100 1 No -0.2876820724517809
3 6 22:05:00 IA 2 3 0 100000 1.78 200 1 No 0.5766133643039938
3 6 22:13:00 IA 2 0 0 52000 25.25 1000 1 No 3.228826155721369
3 6 22:18:00 IA 1 0 0 110000 16.63 100 1 No 2.811208293204836
3 6 22:19:00 IA 2 0 0 0 34.68 200 1 No 3.546163151912341
3 6 22:24:00 MO 1 1 0 100000 2 400 1 No 0.6931471805599453
3 6 22:36:00 MO 0 0 0 100000 0.33 50 1 Yes -1.1086626245216111
3 6 22:40:00 IA 0 0 0 0 4.36 50 1 Yes 1.472472057360943
3 6 22:51:00 AR 1 0 0 40000 6.4 400 1 No 1.8562979903656263
3 6 22:53:00 IL 1 0 0 0 1.54 10 1 No 0.43178241642553783
3 6 23:03:00 MO 1 0 0 0 7.26 75 1 No 1.9823798288367047
3 6 23:17:00 MO 1 0 0 0 20.87 150 1 No 3.0383127210891097
3 6 23:38:00 AR 2 1 0 400000 36.64 700 1 No 3.6011405398059297
3 6 23:51:00 MO 1 3 0 0 3.15 100 1 No 1.1474024528375417
3 6 23:52:00 IL 1 0 0 150000 6.76 150 1 No 1.9110228900548727
3 7 0:00:00 IL 1 0 0 175000 7.38 150 1 No 1.998773638612381
3 7 0:09:00 IL 2 0 0 120000 2.8 200 1 No 1.0296194171811581
3 7 0:14:00 IL 0 0 0 0 0.29 25 1 Yes -1.2378743560016174
3 7 0:29:00 MO 0 0 0 0 2.63 80 1 Yes 0.9669838461896731
3 7 0:39:00 MO 0 0 0 0 1.14 75 1 Yes 0.131028262406404
3 7 0:50:00 IL 1 0 0 0 12.92 100 1 No 2.558776498354456
3 7 1:14:00 IL 1 0 0 0 7.17 100 1 No 1.969905654611529
3 7 2:37:00 AR 0 0 0 60000 0.35 100 1 Yes -1.0498221244986778
3 9 18:25:00 MO 2 0 0 30000 9.64 600 1 No 2.265921108622454
3 9 18:32:00 MO 1 0 0 25000 6.35 100 1 No 1.8484548129046003
3 9 18:42:00 MO 0 0 0 25000 0.1 100 1 Yes -2.3025850929940455
3 9 18:50:00 MO 0 0 0 20000 0.1 75 1 Yes -2.3025850929940455
3 9 19:00:00 MO 0 0 0 0 0.1 100 1 Yes -2.3025850929940455
3 9 19:03:00 MO 1 0 0 75000 2.28 75 1 No 0.8241754429663493
3 9 19:06:00 MO 0 0 0 100000 1.9 100 1 Yes 0.6418538861723947
3 9 19:14:00 MO 1 0 0 500000 2.73 200 1 No 1.0043016091968684
3 9 19:28:00 MO 1 0 0 400000 11.17 250 1 No 2.413231613081109
3 9 20:00:00 MO 0 0 0 20000 0.73 100 1 Yes -0.31471074483970024
3 9 20:10:00 MO 1 0 0 50000 1.14 150 1 No 0.131028262406404
3 9 20:26:00 MO 2 0 0 270000 9.66 250 2 No 2.2679936482244267
3 9 20:26:00 MO 2 0 0 20000 0.93 250 2 No -0.07257069283483537
3 9 20:28:00 KY 1 0 0 250000 8.73 250 2 No 2.166765369851511
3 9 20:41:00 KY 2 0 0 1300000 10.17 250 2 No 2.3194422100604686
3 9 20:41:00 KY 2 0 0 1000000 7.3 250 2 No 1.9878743481543455
3 9 20:51:00 TN 2 0 0 300000 2.87 250 2 No 1.0543120297715298
3 9 21:13:00 KY 1 0 0 75000 5.61 150 1 No 1.724550719534605
3 9 21:54:00 TN 0 0 0 30000 0.96 150 1 Yes -0.040821994520255166
3 9 23:32:00 TN 0 0 0 25000 3.15 100 1 Yes 1.1474024528375417
3 9 23:55:00 TN 1 0 0 0 4.2 320 1 No 1.4350845252893227
3 11 14:47:00 TX 0 0 0 0 0.45 10 1 Yes -0.7985076962177716
3 13 18:03:00 FL 1 0 0 0 0.18 100 1 No -1.7147984280919268
3 13 19:15:00 FL 1 0 0 0 0.13 75 1 No -2.0402208285265546
3 13 23:23:00 FL 0 0 0 25000 1.27 50 1 Yes 0.23901690047049992
3 19 15:19:00 TX 0 0 0 0 0.21 50 1 Yes -1.5606477482646683
3 21 19:03:00 GA 0 0 0 20000 0.14 100 1 Yes -1.9661128563728327
3 21 19:03:00 GA 1 0 0 75000 0.44 100 1 No -0.8209805520698302
3 23 11:40:00 FL 0 0 0 2000 0.96 30 1 Yes -0.040821994520255166
3 24 17:10:00 WA 0 0 0 2000 2.3 15 1 Yes 0.832909122935104
3 24 19:31:00 TX 2 0 0 90000 2.71 225 1 No 0.9969486348916095
3 24 20:58:00 AR 0 0 0 0 0.25 150 1 Yes -1.3862943611198906
3 24 21:05:00 LA 1 0 0 100000 2.07 220 1 No 0.7275486072772777
3 24 21:31:00 AR 0 0 0 0 0.1 100 1 Yes -2.3025850929940455
3 24 21:32:00 AR 2 0 0 400000 1.12 150 1 No 0.11332868530700327
3 24 21:33:00 AR 1 0 0 300000 1.85 200 1 No 0.6151856390902335
3 24 21:35:00 LA 1 0 0 60000 1.46 110 1 No 0.37843643572024505
3 24 22:00:00 LA 1 0 0 70000 8.51 2464 1 No 2.1412419425852827
3 24 22:20:00 AR 2 6 0 360000 2.15 100 1 No 0.7654678421395714
3 24 22:23:00 AR 1 0 0 100000 2.16 100 1 No 0.7701082216960737
3 24 22:49:00 LA 1 0 0 3000 1.23 350 1 No 0.2070141693843261
3 24 22:54:00 LA 1 0 0 15000 6.9 100 1 No 1.9315214116032138
3 24 23:23:00 TX 0 0 0 15000 0.01 30 1 Yes -4.605170185988091
3 25 0:34:00 AR 0 0 0 250000 0.78 120 1 Yes -0.2484613592984996
3 25 17:21:00 MO 0 0 0 0 6.76 20 1 Yes 1.9110228900548727
3 26 12:24:00 OH 1 0 0 30000 0.31 70 1 No -1.171182981502945
3 26 13:00:00 PR 0 0 0 0 0.43 100 1 Yes -0.843970070294529
3 26 18:14:00 OK 0 0 0 1000 4 50 1 Yes 1.3862943611198906
3 26 18:27:00 OK 0 0 0 0 0.3 30 1 Yes -1.2039728043259361
3 27 12:59:00 MS 0 0 0 0 0.19 50 1 Yes -1.6607312068216509
3 27 13:27:00 KY 0 0 0 75000 4.4 125 1 Yes 1.4816045409242156
3 27 15:59:00 TN 0 0 0 10000 6.42 50 1 Yes 1.8594181177018698
3 27 16:05:00 KY 1 0 0 300000 0.31 100 1 No -1.171182981502945
3 27 16:18:00 TN 1 0 0 150000 5.5 100 1 No 1.7047480922384253
3 27 17:12:00 TN 1 0 0 25000 7.26 300 1 No 1.9823798288367047
3 28 15:26:00 TX -9 0 0 0 2.47 100 1 No 0.9042181506398859
3 28 15:34:00 TX -9 0 0 0 2.07 400 1 No 0.7275486072772777
3 28 15:36:00 TX 0 0 0 0 0.07 25 1 Yes -2.659260036932778
3 28 15:52:00 TX 0 0 0 0 0.01 25 1 Yes -4.605170185988091
3 28 16:14:00 TX -9 0 0 0 1.02 100 1 No 0.01980262729617973
3 28 16:17:00 TX -9 0 0 0 0.61 30 1 No -0.4942963218147801
3 28 16:33:00 TX 0 0 0 0 4.5 50 1 Yes 1.5040773967762742
3 28 16:57:00 TX 0 0 0 0 3.1 50 1 Yes 1.1314021114911006
3 28 17:03:00 TX 0 0 0 0 4.68 100 1 Yes 1.5432981099295553
3 28 17:34:00 TX 1 0 0 75000 0.7 50 1 No -0.35667494393873245
3 28 17:43:00 TX -9 0 0 0 1.91 30 1 No 0.6471032420585384
3 28 17:49:00 TX -9 0 0 0 1.4 50 1 No 0.33647223662121284
3 28 18:13:00 TX -9 0 0 0 3 50 1 No 1.0986122886681096
3 28 18:21:00 TX 0 0 0 0 5.82 75 1 Yes 1.7613002617433464
3 28 18:28:00 TX 2 0 0 50000 1.79 75 1 No 0.5822156198526637
3 28 19:50:00 TX 0 0 0 0 4.53 50 1 Yes 1.5107219394949427
3 29 1:08:00 TX 0 0 0 300000 6.48 200 1 Yes 1.8687205103641835
3 29 1:10:00 TX 0 0 0 100000 11.37 500 1 Yes 2.4309783077624445
3 29 1:31:00 TX 1 0 0 600000 1.62 130 1 No 0.4824261492442928
3 29 4:38:00 TX 1 0 0 60000 5.97 480 1 No 1.7867469274045107
3 29 9:34:00 TX 0 0 0 150000 0.27 50 1 Yes -1.3093333199837622
3 29 12:23:00 TX 0 0 0 0 0.1 20 1 Yes -2.3025850929940455
3 29 13:55:00 TX 1 0 0 27000 0.43 50 1 No -0.843970070294529
3 29 14:00:00 TX 0 0 0 100000 2 200 1 Yes 0.6931471805599453
3 29 14:03:00 TX 1 2 0 300000 2.67 250 1 No 0.9820784724121581
3 29 14:13:00 TX 1 0 0 60000 1.31 600 1 No 0.2700271372130602
3 29 14:25:00 TX 1 0 0 20000 0.46 300 1 No -0.7765287894989963
3 29 14:35:00 TX 0 0 0 0 0.08 30 1 Yes -2.5257286443082556
3 29 15:12:00 TX 1 0 0 10000 0.42 25 1 No -0.8675005677047232
3 29 15:34:00 TX 1 0 0 50000 12.19 800 1 No 2.5006159434931803
3 29 18:23:00 AR 1 0 0 0 2.4 150 1 No 0.8754687373538999
3 29 19:11:00 LA 2 0 0 125000 3.57 100 1 No 1.2725655957915476
3 29 22:00:00 MO 1 0 0 50000 2.5 200 1 No 0.9162907318741551
3 29 22:23:00 MS 1 0 0 0 2.1 450 1 No 0.7419373447293773
3 30 4:32:00 MS 0 0 0 95000 1.06 200 1 Yes 0.058268908123975824
3 31 15:33:00 VA 1 0 0 250000 12.32 100 1 No 2.511223958105374
3 31 16:13:00 VA 2 0 0 7900000 8.86 350 1 No 2.1815467646169897
3 31 16:15:00 NC 1 0 0 250000 4.8 100 1 No 1.5686159179138452
4 2 8:04:00 LA 1 0 0 5000 0.06 10 1 No -2.8134107167600364
4 2 8:15:00 TX 0 0 0 100000 3 100 1 Yes 1.0986122886681096
4 2 8:47:00 LA 1 0 2 15000 0.8 20 1 No -0.2231435513142097
4 2 11:25:00 TX 0 0 0 15000 0.5 30 1 Yes -0.6931471805599453
4 2 12:56:00 TX 1 0 0 50000 6.36 310 1 No 1.8500283773520307
4 2 13:32:00 LA 1 0 0 5000 7.29 50 1 No 1.986503546020567
4 2 13:50:00 LA 2 0 0 250000 6.11 800 1 No 1.809926773183504
4 2 13:53:00 LA 2 0 0 100000 5.55 1636 1 No 1.713797927758343
4 2 14:05:00 LA 1 0 0 750000 5.41 500 1 No 1.6882490928583902
4 2 14:07:00 LA 1 0 0 50000 9.83 370 1 No 2.285438934159075
4 2 14:20:00 LA 0 0 0 0 0.1 10 1 Yes -2.3025850929940455
4 2 14:52:00 LA 2 0 0 1000000 13.66 2252 1 No 2.614471854142644
4 2 14:54:00 LA 1 0 0 0 4.1 1108 1 No 1.410986973710262
4 2 15:12:00 LA 1 0 0 70000 4.43 1108 1 No 1.4883995840570443
4 2 15:17:00 LA 1 0 0 85000 13.19 1232 1 No 2.579458966729223
4 2 15:18:00 LA 2 0 0 600000 1.09 440 1 No 0.0861776962410524
4 2 15:22:00 LA 2 1 0 525000 13.77 880 1 No 2.6224923127405635
4 2 15:48:00 LA 1 0 0 75000 3.69 300 1 No 1.3056264580524357
4 2 15:49:00 LA 1 0 0 220000 3.78 880 1 No 1.3297240096314962
4 2 15:57:00 LA 1 0 0 150000 0.99 600 1 No -0.01005033585350145
4 2 16:09:00 LA 2 2 0 300000 5.83 616 1 No 1.763017000362401
4 2 16:41:00 LA 0 0 0 2000 1.4 100 1 Yes 0.33647223662121284
4 2 23:57:00 MS 1 0 0 200000 17.48 1056 1 No 2.8610573702273894
4 3 3:03:00 LA 1 0 0 0 1.2 50 1 No 0.1823215567939546
4 3 3:14:00 LA 1 0 0 0 1.76 100 1 No 0.5653138090500605
4 3 7:54:00 AL 0 0 0 2000 0.05 25 1 Yes -2.995732273553991
4 3 8:58:00 GA 1 0 0 50000 2.37 300 1 No 0.8628899551470399
4 3 9:28:00 GA 1 0 0 100000 4.07 150 1 No 1.4036429994545037
4 3 9:42:00 GA 1 0 0 100000 3.27 175 1 No 1.184789984909162
4 3 10:10:00 GA 0 0 0 100000 1.56 150 1 Yes 0.44468582126144574
4 3 10:16:00 GA 0 0 0 20000 1.35 100 1 Yes 0.30010459245033816
4 3 10:17:00 GA 1 0 0 75000 4.61 350 1 No 1.5282278570085572
4 3 10:18:00 GA 0 0 0 25000 2.23 75 1 Yes 0.8020015854720274
4 3 10:26:00 GA 1 0 0 50000 3.65 200 1 No 1.2947271675944
4 3 10:29:00 GA 0 0 0 15000 3.88 150 1 Yes 1.355835153635182
4 3 10:35:00 GA 0 0 0 50000 0.59 150 1 Yes -0.527632742082372
4 3 10:36:00 GA 0 0 0 30000 1.74 75 1 Yes 0.5538851132264376
4 3 10:44:00 GA 1 0 0 20000 6.67 150 1 No 1.8976198599275325
4 3 10:46:00 GA 1 0 0 500000 5.48 200 1 No 1.7011051009599243
4 3 10:52:00 GA 0 0 0 50000 1.77 250 1 Yes 0.5709795465857378
4 3 11:06:00 GA 1 0 0 300000 8.13 300 1 No 2.0955609235597192
4 3 11:30:00 GA 1 0 0 175000 9.23 600 1 No 2.222459048514761
4 3 11:40:00 GA 0 0 0 50000 2.94 100 1 Yes 1.0784095813505903
4 3 11:51:00 SC 0 0 0 0 0.09 40 1 Yes -2.407945608651872
4 3 11:56:00 GA 1 0 0 30000 5.8 440 1 No 1.7578579175523736
4 3 12:03:00 GA 2 0 0 100000 3.26 200 1 No 1.1817271953786161
4 3 12:06:00 GA 1 0 0 170000 7.91 350 1 No 2.0681277817795625
4 3 12:10:00 GA 0 0 0 0 0.01 10 1 Yes -4.605170185988091
4 3 12:13:00 SC 0 0 0 50000 2.84 50 1 Yes 1.0438040521731147
4 3 12:16:00 GA 0 0 0 25000 4.11 90 1 Yes 1.4134230285081433
4 3 12:21:00 GA 0 0 0 20000 3.26 200 1 Yes 1.1817271953786161
4 3 12:26:00 GA 0 0 0 30000 6.57 150 1 Yes 1.8825138324965192
4 3 12:28:00 GA 0 0 0 30000 0.17 100 1 Yes -1.7719568419318752
4 3 12:36:00 GA 1 0 0 30000 5.72 250 1 No 1.7439688053917064
4 3 12:49:00 SC 0 0 0 20000 0.74 75 1 Yes -0.3011050927839216
4 3 12:56:00 GA 0 0 0 10000 0.39 150 1 Yes -0.9416085398584448
4 3 13:00:00 GA 1 0 0 75000 7.52 300 1 No 2.017566137961748
4 3 13:21:00 SC 1 0 1 50000 0.74 150 1 No -0.3011050927839216
4 3 13:30:00 SC 0 0 0 0 0.01 50 1 Yes -4.605170185988091
4 3 14:08:00 SC 0 0 0 0 0.06 25 1 Yes -2.8134107167600364
4 3 14:14:00 SC 1 0 0 0 0.87 100 1 No -0.13926206733350766
4 3 14:43:00 SC 0 0 0 0 0.28 240 1 Yes -1.2729656758128873
4 3 15:11:00 SC 2 0 0 0 6.72 600 1 No 1.9050881545350582
4 4 17:48:00 MO 2 0 0 1100000 16.5 300 1 No 2.803360380906535
4 4 18:56:00 MO 1 0 0 15000 1.5 200 1 No 0.4054651081081644
4 4 20:34:00 AR 1 0 0 80000 5 200 1 No 1.6094379124341003
4 5 9:49:00 AL 2 0 0 600000 10.36 1140 2 No 2.337952236831337
4 5 9:49:00 AL 2 0 0 500000 2.66 1140 2 No 0.9783261227936078
4 5 9:59:00 GA 2 0 0 100000 7.7 1140 2 No 2.0412203288596382
4 5 10:03:00 GA 1 0 0 20000 3.98 350 1 No 1.3812818192963463
4 5 10:09:00 GA 1 0 0 40000 2.94 350 1 No 1.0784095813505903
4 5 10:27:00 GA 2 0 0 150000 16.86 1320 1 No 2.8249439525737094
4 5 11:17:00 SC 2 1 0 0 7.2 1000 1 No 1.9740810260220096
4 5 11:40:00 GA 0 0 0 30000 3.16 150 1 Yes 1.1505720275988207
4 5 11:55:00 GA 1 0 0 150000 8.77 200 1 No 2.1713368063840917
4 5 12:06:00 SC 0 0 0 0 0.01 75 1 Yes -4.605170185988091
4 5 13:05:00 GA 1 0 0 200000 4.1 350 1 No 1.410986973710262
4 5 13:10:00 IL 1 0 0 35000 0.1 25 1 No -2.3025850929940455
4 5 13:38:00 GA 2 0 0 170000 20.19 400 1 No 3.005187432324746
4 5 14:47:00 TN 1 0 0 50000 7.1 150 1 No 1.9600947840472698
4 5 15:44:00 AL 0 0 0 0 0.25 75 1 Yes -1.3862943611198906
4 5 15:54:00 KY 1 0 0 100000 1.72 100 1 No 0.5423242908253616
4 5 15:59:00 TN 1 1 0 50000 3.4 125 1 No 1.2237754316221157
4 5 16:04:00 IN 1 0 0 65000 1.2 90 1 No 0.1823215567939546
4 5 16:11:00 KY 1 0 0 150000 0.69 50 1 No -0.37106368139083207
4 5 16:12:00 KY 1 0 0 75000 0.39 50 1 No -0.9416085398584448
4 5 16:16:00 KY 1 0 0 100000 0.75 250 1 No -0.2876820724517809
4 5 16:51:00 OH 0 0 0 30000 0.08 40 1 Yes -2.5257286443082556
4 5 16:58:00 OH 0 0 0 50000 0.11 40 1 Yes -2.2072749131897207
4 5 19:39:00 AL 1 0 0 0 1.96 125 1 No 0.6729444732424258
4 5 22:20:00 SC 0 0 0 0 0.14 50 1 Yes -1.9661128563728327
4 5 22:30:00 SC 0 0 0 1000 0.06 30 1 Yes -2.8134107167600364
4 6 7:51:00 FL 2 0 0 250000 4.12 150 1 No 1.415853163361435
4 6 8:18:00 FL 0 0 0 5000 1.61 10 1 Yes 0.47623417899637166
4 6 8:30:00 FL 0 1 0 110000 7.43 20 1 Yes 2.005525858729668
4 6 10:09:00 VA 1 0 0 150000 3.71 200 1 No 1.3110318766193438
4 6 10:29:00 VA 0 0 0 0 2.63 175 1 Yes 0.9669838461896731
4 6 10:58:00 VA 0 0 0 0 0.86 50 1 Yes -0.15082288973458366
4 6 11:08:00 VA 0 0 0 0 0.86 75 1 Yes -0.15082288973458366
4 6 11:08:00 VA 0 0 0 0 0.86 75 1 Yes -0.15082288973458366
4 6 11:09:00 VA 0 0 0 100000 4.4 100 1 Yes 1.4816045409242156
4 6 11:34:00 VA 0 0 0 0 3.2 25 1 Yes 1.1631508098056809
4 6 11:39:00 VA 0 0 0 0 4.91 50 2 Yes 1.5912739418064292
4 6 11:39:00 VA 0 0 0 0 1.93 50 2 Yes 0.6575200029167941
4 6 11:42:00 DC 0 0 0 0 2.98 50 2 Yes 1.091923300517313
4 6 11:41:00 DC 0 1 0 0 1.56 25 1 Yes 0.44468582126144574
4 9 19:51:00 NE 0 0 0 0 0.13 10 1 Yes -2.0402208285265546
4 9 23:54:00 WI 1 0 0 0 0.44 100 1 No -0.8209805520698302
4 10 18:10:00 TX 1 0 0 0 0.47 100 1 No -0.7550225842780328
4 10 18:35:00 TX 1 0 0 25000 1.83 250 1 No 0.6043159668533296
4 10 18:36:00 MI 1 0 0 210000 5.33 220 1 No 1.673351238177753
4 10 21:45:00 TX 0 0 0 40000 0.72 80 1 Yes -0.3285040669720361
4 12 16:13:00 CO -9 0 0 0 0.86 75 1 No -0.15082288973458366
4 13 14:22:00 TX 0 0 0 0 0.3 50 1 Yes -1.2039728043259361
4 13 18:00:00 OR 0 0 0 0 0.07 10 1 Yes -2.659260036932778
4 14 16:59:00 TX -9 0 0 0 3.09 50 1 No 1.128171090909654
4 14 17:19:00 TX 0 0 0 9000 0.39 25 1 Yes -0.9416085398584448
4 14 17:27:00 TX 0 0 0 30000 1.95 50 1 Yes 0.6678293725756554
4 14 17:33:00 NM 0 0 0 0 0.46 40 1 Yes -0.7765287894989963
4 14 17:36:00 TX 3 0 0 1000000 3.55 1936 1 No 1.2669476034873244
4 14 18:45:00 TX -9 0 0 0 0.5 10 1 No -0.6931471805599453
4 14 19:04:00 TX -9 0 0 0 0.08 10 1 No -2.5257286443082556
4 14 22:25:00 TX -9 0 0 0 0.91 50 1 No -0.09431067947124129
4 15 15:58:00 NE 0 0 0 0 1.47 50 1 Yes 0.3852624007906449
4 15 17:38:00 KS 0 0 0 0 0.62 50 1 Yes -0.4780358009429998
4 15 18:05:00 KS 0 0 0 0 0.21 50 1 Yes -1.5606477482646683
4 15 18:25:00 MO 0 0 0 0 0.03 10 1 Yes -3.506557897319982
4 15 18:25:00 KS 0 0 0 0 1.7 25 1 Yes 0.5306282510621704
4 15 19:50:00 IA 1 0 0 10000 3.22 25 1 No 1.169381359556317
4 16 17:43:00 OK -9 0 0 0 0.5 30 1 No -0.6931471805599453
4 16 18:09:00 OK -9 0 0 0 0.1 30 1 No -2.3025850929940455
4 16 18:42:00 OK -9 0 0 0 2 30 1 No 0.6931471805599453
4 18 11:15:00 MS 0 0 0 0 0.02 40 1 Yes -3.912023005428146
4 20 17:35:00 IN 1 0 0 35000 2.79 40 1 No 1.0260415958332743
4 20 17:47:00 PA 0 0 0 10000 0.35 20 1 Yes -1.0498221244986778
4 21 18:22:00 TX 0 0 0 0 0.29 25 1 Yes -1.2378743560016174
4 22 13:45:00 MS 1 0 0 100000 6.46 200 1 No 1.8656293177945105
4 22 14:20:00 MS 0 0 0 100000 8.99 200 2 Yes 2.196112848483529
4 22 14:20:00 MS 0 0 0 100000 2.67 100 2 Yes 0.9820784724121581
4 22 14:28:00 AL 0 0 0 0 6.32 200 2 Yes 1.843719208158766
4 22 16:40:00 AL 0 0 0 0 2.19 200 1 Yes 0.7839015438284094
4 22 16:40:00 AL 1 0 0 0 4.39 200 1 No 1.47932922708708
4 25 21:13:00 OK 0 0 0 4000 0.7 50 1 Yes -0.35667494393873245
4 25 21:50:00 OK 0 0 0 5000 1.25 30 1 Yes 0.22314355131420976
4 25 22:33:00 OK 1 0 0 75000 6.4 550 1 No 1.8562979903656263
4 25 22:34:00 OK 1 0 0 40000 4.1 600 1 No 1.410986973710262
4 25 22:46:00 OK 1 0 0 25000 10.2 400 1 No 2.322387720290225
4 26 0:22:00 AR 1 0 0 185000 15.69 1500 2 No 2.753023566744941
4 26 0:22:00 AR 1 0 0 100000 13.1 1500 2 No 2.5726122302071057
4 26 0:34:00 MO 1 0 0 85000 2.59 100 2 No 0.9516578757114463
4 26 9:04:00 AR 0 0 0 200000 0.51 50 1 Yes -0.6733445532637656
4 26 18:12:00 KY 1 0 0 500000 12.34 150 1 No 2.5128460184772416
4 26 21:31:00 MS 1 0 0 120000 10.55 600 1 No 2.3561258599220753
4 27 8:03:00 AL 1 0 0 0 5.59 250 1 No 1.7209792871670078
4 27 10:25:00 AL 1 0 0 0 4.89 150 1 No 1.5871923034867805
4 27 11:15:00 GA 2 0 0 317000 21.71 700 1 No 3.0777729838902004
4 27 15:18:00 AL 0 0 0 0 1.18 75 1 Yes 0.16551443847757333
4 27 16:59:00 AL 0 3 0 0 1.28 175 1 Yes 0.2468600779315258
4 27 17:21:00 KS 0 0 0 0 1.48 50 1 Yes 0.3920420877760237
4 28 21:36:00 OK 2 0 0 150000 8.1 750 1 No 2.0918640616783932
4 28 21:53:00 KY 1 0 0 200000 1.29 250 1 No 0.25464221837358075
4 29 13:24:00 LA 1 0 0 200000 1.96 290 1 No 0.6729444732424258
4 29 14:16:00 AR 1 1 0 400000 1.89 100 1 No 0.636576829071551
4 29 14:31:00 MO 0 0 0 0 3.85 100 1 Yes 1.3480731482996928
4 29 15:02:00 IL 1 0 0 0 2.36 50 1 No 0.8586616190375187
4 29 15:15:00 TX 0 0 0 0 1.55 100 1 Yes 0.4382549309311553
4 29 15:17:00 OK 1 0 0 20000 7.3 600 1 No 1.9878743481543455
4 29 15:20:00 IL 0 0 0 0 0.68 10 1 Yes -0.38566248081198456
4 29 15:57:00 AR 1 0 0 50000 5.5 300 1 No 1.7047480922384253
4 29 16:10:00 TX 0 0 0 60000 1.8 75 1 Yes 0.5877866649021191
4 29 16:29:00 TX 4 25 2 1200000 21.42 1760 1 No 3.064325065019603
4 29 16:51:00 TX 2 10 0 600000 11.68 100 1 No 2.4578779774000807
4 29 17:08:00 TX 3 24 2 670000 39.71 1760 1 No 3.6816030451431603
4 29 17:32:00 TX 0 0 0 10000 8.57 100 1 Yes 2.1482677326096886
4 29 18:13:00 TX 0 0 0 5000 0.88 80 1 Yes -0.12783337150988489
4 29 19:45:00 TX 1 0 0 25000 2.99 570 1 No 1.095273387402595
4 29 19:48:00 TX 1 0 0 30000 0.3 190 1 No -1.2039728043259361
4 29 23:37:00 AR 1 0 0 80000 5.86 100 1 No 1.7681496035889213
4 29 23:57:00 AR 1 0 0 5000 0.76 80 1 No -0.2744368457017603
4 30 0:25:00 AR 1 0 0 100000 2.84 100 1 No 1.0438040521731147
4 30 0:56:00 AR 1 0 0 20000 1.96 50 2 No 0.6729444732424258
4 30 0:56:00 AR 1 0 0 20000 1.65 50 2 No 0.5007752879124892
4 30 0:57:00 MO 1 0 0 0 0.31 50 2 No -1.171182981502945
4 30 1:07:00 AR 1 0 0 300000 5.6 150 1 No 1.7227665977411035
4 30 1:08:00 MO 1 0 0 250000 1.2 100 1 No 0.1823215567939546
4 30 1:15:00 AR 1 0 0 10000 5.12 400 1 No 1.6331544390514163
4 30 1:52:00 MO 2 0 0 60000 4.04 150 1 No 1.3962446919730587
4 30 2:07:00 LA 1 0 0 50000 6.87 1760 1 No 1.927164106234258
4 30 3:20:00 LA 1 0 0 110000 0.63 95 1 No -0.4620354595965587
4 30 3:44:00 LA 1 0 0 100000 5.71 50 1 No 1.742219023667919
4 30 4:50:00 AR 0 0 0 50000 1.13 75 1 Yes 0.12221763272424911
4 30 5:14:00 MS 2 0 0 400000 3.44 440 1 No 1.235471471385307
4 30 6:13:00 LA 1 0 0 100000 9.24 440 2 No 2.2235418856535927
4 30 6:13:00 LA 1 0 0 50000 7.3 200 2 No 1.9878743481543455
4 30 6:24:00 MS 1 0 0 50000 1.94 440 2 No 0.6626879730752367
4 30 6:24:00 MS 1 0 0 300000 14.44 440 1 No 2.67000213346468
4 30 6:30:00 MS 2 0 0 530000 19.9 880 1 No 2.990719731730447
4 30 7:01:00 MS 0 0 0 50000 5.17 100 1 Yes 1.6428726885203377
4 30 7:10:00 MS 1 0 0 115000 6.12 300 1 No 1.8115620965242347
4 30 7:14:00 MS 1 0 0 50000 2.73 900 1 No 1.0043016091968684
4 30 7:22:00 MS 1 0 0 300000 20.34 880 1 No 3.012589390620414
4 30 7:23:00 MS 1 0 0 70000 1.07 150 1 No 0.06765864847381486
4 30 7:23:00 MS 1 0 0 95000 7.14 1800 1 No 1.965712776351493
4 30 7:28:00 MS 1 0 0 150000 2.04 500 1 No 0.712949807856125
4 30 7:46:00 TN 0 0 0 100000 2.1 100 1 Yes 0.7419373447293773
4 30 7:50:00 MS 1 0 0 40000 6.02 400 1 No 1.7950872593207297
4 30 7:51:00 MS 1 0 0 20000 5.04 1500 1 No 1.6174060820832772
4 30 7:54:00 MS 2 0 0 2300000 21.7 1700 1 No 3.077312260546414
4 30 8:06:00 MS 1 0 0 130000 6.88 1003 1 No 1.9286186519452522
4 30 8:16:00 MS 2 0 1 3800000 23.4 1900 1 No 3.152736022363656
4 30 8:38:00 MS 1 0 0 40000 9.14 400 1 No 2.2126603854660587
4 30 8:41:00 MS 0 0 0 50000 4.28 100 1 Yes 1.4539530095937054
4 30 8:42:00 MS 1 0 0 30000 3.04 600 1 No 1.1118575154181303
4 30 8:42:00 MS 1 0 0 60000 3.85 600 1 No 1.3480731482996928
4 30 8:51:00 MS 0 0 0 40000 2.63 250 1 Yes 0.9669838461896731
4 30 8:58:00 MS 2 0 0 2150000 15.49 1936 1 No 2.740194654428777
4 30 9:11:00 MS 1 0 0 4000000 6.63 970 1 No 1.891604804197771
4 30 9:13:00 MS 1 0 0 40000 5.63 800 1 No 1.728109442151599
4 30 9:14:00 MS 1 0 0 75000 6.76 650 1 No 1.9110228900548727
4 30 9:17:00 MS 0 0 0 20000 0.29 50 1 Yes -1.2378743560016174
4 30 9:18:00 MS 1 0 0 30000 7.44 600 1 No 2.0068708488450007
4 30 9:26:00 MS 1 0 0 200000 2.7 50 1 No 0.9932517730102834
4 30 10:37:00 MS 1 0 0 375000 3.82 440 1 No 1.3402504226184837
4 30 12:15:00 LA 1 0 0 0 0.9 50 1 No -0.10536051565782628
4 30 12:50:00 LA 0 0 0 0 0.3 40 1 Yes -1.2039728043259361
4 30 13:12:00 AL 0 0 0 0 10.05 215 1 Yes 2.307572634505085
5 1 8:07:00 GA 0 0 0 12000 0.46 50 1 Yes -0.7765287894989963
5 1 8:24:00 GA 0 0 0 25000 2.36 150 1 Yes 0.8586616190375187
5 1 12:30:00 PA 0 0 0 20000 2.86 50 1 Yes 1.0508216248317612
5 1 12:56:00 PA 0 0 0 5000 0.38 50 1 Yes -0.9675840262617056
5 1 13:09:00 PA 0 0 0 15000 0.88 75 1 Yes -0.12783337150988489
5 1 13:25:00 PA 0 0 0 10000 0.54 100 1 Yes -0.616186139423817
5 1 13:27:00 PA 0 0 0 10000 0.75 75 1 Yes -0.2876820724517809
5 1 13:27:00 PA 1 0 0 50000 2.23 100 1 No 0.8020015854720274
5 1 13:54:00 NC 0 0 0 10000 2.67 50 1 Yes 0.9820784724121581
5 1 14:08:00 PA 1 0 0 0 1.68 200 1 No 0.5187937934151675
5 1 16:44:00 PA 1 1 0 200000 1.1 100 1 No 0.09531017980432493
5 2 15:30:00 FL 0 0 0 0 0.25 25 1 Yes -1.3862943611198906
5 3 15:14:00 TX 1 0 0 500000 8.37 1500 1 No 2.124653884501384
5 3 16:31:00 TX 0 0 0 100000 5.74 300 1 Yes 1.747459210331475
5 4 11:25:00 GA 0 0 0 0 0.02 35 1 Yes -3.912023005428146
5 4 12:04:00 GA 1 0 0 0 1.9 60 1 No 0.6418538861723947
5 4 12:20:00 GA 1 0 0 0 1 70 1 No 0
5 4 15:50:00 GA 1 5 0 0 2.78 120 1 No 1.0224509277025455
5 4 17:46:00 SC 1 0 0 0 12.52 440 1 No 2.5273273656719524
5 4 18:15:00 SC 1 0 0 0 6.03 125 1 No 1.7967470107390942
5 4 18:26:00 SC 1 0 0 0 2.02 150 1 No 0.7030975114131134
5 4 19:01:00 SC 1 0 0 0 3.08 150 1 No 1.1249295969854831
5 4 19:12:00 GA 0 0 0 50000 0.11 50 1 Yes -2.2072749131897207
5 4 19:37:00 SC 1 0 0 80000 2.07 75 1 No 0.7275486072772777
5 4 19:40:00 GA 0 0 0 15000 1.1 80 1 Yes 0.09531017980432493
5 4 20:07:00 SC 1 1 0 60000 0.86 75 1 No -0.15082288973458366
5 4 20:27:00 SC 0 0 0 0 0.2 75 1 Yes -1.6094379124341003
5 5 1:12:00 NC 0 0 0 4000000 3.26 375 1 Yes 1.1817271953786161
5 5 2:04:00 VA 0 0 0 15000 0.3 100 1 Yes -1.2039728043259361
5 5 3:21:00 NC 1 0 0 100000 1 250 1 No 0
5 5 3:40:00 VA 1 0 0 200000 14.79 75 1 No 2.6939512767227085
5 5 4:13:00 VA 0 0 0 20000 1.01 75 1 Yes 0.009950330853168092
5 5 4:40:00 VA 0 0 0 100000 0.38 75 1 Yes -0.9675840262617056
5 5 4:50:00 VA 1 0 0 450000 2.42 300 1 No 0.8837675401685949
5 5 5:09:00 VA 1 0 0 38000 2.31 150 1 No 0.8372475245337022
5 5 5:27:00 NC 0 0 0 205000 11.71 100 1 Yes 2.4604431776096263
5 5 6:02:00 NC 0 0 0 20000 8.12 75 1 Yes 2.0943301541735866
5 5 6:17:00 VA 1 0 0 0 0.87 100 1 No -0.13926206733350766
5 5 7:19:00 VA 1 0 0 0 1.18 10 1 No 0.16551443847757333
5 5 17:55:00 VA 0 0 0 6000 4.91 75 1 Yes 1.5912739418064292
5 7 14:30:00 CA 0 0 0 0 0.01 50 1 Yes -4.605170185988091
5 8 14:24:00 CO 1 0 0 0 0.19 100 1 No -1.6607312068216509
5 8 18:17:00 NM 0 0 0 0 0.2 40 1 Yes -1.6094379124341003
5 9 12:15:00 NM 0 0 0 0 4.9 40 1 Yes 1.589235205116581
5 9 12:25:00 NM 0 0 0 0 0.31 40 1 Yes -1.171182981502945
5 9 12:55:00 NM 0 0 0 0 0.07 30 1 Yes -2.659260036932778
5 9 16:00:00 NM 0 0 0 0 3.49 50 1 Yes 1.2499017362143359
5 9 18:11:00 CO -9 0 0 0 1.18 50 1 No 0.16551443847757333
5 9 18:46:00 TX -9 0 0 0 0.01 20 1 No -4.605170185988091
5 9 19:45:00 TX -9 0 0 0 0.01 15 1 No -4.605170185988091
5 9 20:31:00 TX -9 0 0 0 0.01 30 1 No -4.605170185988091
5 10 2:27:00 TX 1 0 0 0 2.8 180 1 No 1.0296194171811581
5 10 3:01:00 TX 1 0 0 0 2.65 50 1 No 0.9745596399981309
5 10 12:37:00 NM 0 0 0 0 1.66 50 1 Yes 0.5068176023684519
5 10 13:46:00 IA 0 0 0 0 2.77 50 1 Yes 1.0188473201992472
5 10 13:54:00 TX -9 0 0 0 0.01 10 1 No -4.605170185988091
5 10 14:37:00 TX -9 0 0 0 0.01 10 1 No -4.605170185988091
5 10 14:58:00 TX -9 0 0 0 1.05 25 1 No 0.04879016416943205
5 10 15:44:00 TX -9 0 0 0 0.36 50 1 No -1.0216512475319814
5 10 18:49:00 IL 0 0 0 8000 0.1 20 1 Yes -2.3025850929940455
5 10 19:05:00 OK 0 0 0 0 0.3 30 1 Yes -1.2039728043259361
5 10 19:31:00 OK -9 0 0 0 0.3 50 1 No -1.2039728043259361
5 10 19:36:00 OK -9 0 0 0 2 100 1 No 0.6931471805599453
5 10 21:58:00 TX -9 0 0 0 0.1 10 1 No -2.3025850929940455
5 10 23:34:00 MO 0 0 0 100000 1 100 1 Yes 0
5 11 13:01:00 OK 1 0 0 500000 1.5 300 1 No 0.4054651081081644
5 11 13:27:00 OK 1 0 0 0 3.1 350 1 No 1.1314021114911006
5 11 14:13:00 OK -9 0 0 0 0.1 50 1 No -2.3025850929940455
5 11 14:55:00 TX 0 0 0 4000 2.09 50 1 Yes 0.7371640659767196
5 11 16:11:00 OK 0 0 0 0 0.1 50 1 Yes -2.3025850929940455
5 11 17:09:00 TX 1 0 0 60000 1.28 175 1 No 0.2468600779315258
5 11 17:23:00 TX 1 0 0 50000 2.69 220 1 No 0.9895411936137477
5 11 18:03:00 TX 1 0 0 15000 5.3 280 1 No 1.667706820558076
5 11 19:15:00 LA 1 0 0 10000 2.32 215 1 No 0.8415671856782185
5 11 19:31:00 LA 1 0 0 0 0.76 110 1 No -0.2744368457017603
5 11 19:33:00 TX 2 0 0 1025000 4.57 800 1 No 1.5195132049061133
5 12 3:06:00 LA 1 0 0 15000 3.04 267 1 No 1.1118575154181303
5 12 8:01:00 LA 0 0 0 10000 0.14 40 1 Yes -1.9661128563728327
5 12 8:01:00 LA 1 1 0 0 0.6 30 1 No -0.5108256237659907
5 12 10:13:00 LA 0 0 0 0 0.2 25 1 Yes -1.6094379124341003
5 12 14:30:00 TN 0 0 0 0 0.13 40 1 Yes -2.0402208285265546
5 12 15:35:00 LA 0 0 0 0 0.54 20 1 Yes -0.616186139423817
5 15 17:45:00 IA 0 0 0 4000 0.98 50 1 Yes -0.020202707317519466
5 16 13:45:00 OK 0 0 0 0 0.09 25 1 Yes -2.407945608651872
5 16 14:04:00 TX 0 0 0 0 0.09 25 1 Yes -2.407945608651872
5 16 15:39:00 TX 0 0 0 0 1.39 50 1 Yes 0.3293037471426003
5 16 15:42:00 WI 3 25 1 10520000 82.53 1320 1 No 4.413161863604593
5 16 15:43:00 NE 0 0 0 3000 1.83 35 1 Yes 0.6043159668533296
5 16 15:53:00 TX 0 0 0 0 0.06 25 1 Yes -2.8134107167600364
5 16 16:16:00 TX 1 0 0 0 0.09 25 1 No -2.407945608651872
5 16 16:25:00 TX 2 0 0 0 9.18 1250 1 No 2.217027204632399
5 16 16:45:00 TX 0 0 0 0 0.29 25 1 Yes -1.2378743560016174
5 16 16:49:00 KS 1 0 0 0 4.03 50 1 No 1.3937663759585917
5 16 16:50:00 TX 0 0 0 0 2.26 25 1 Yes 0.8153648132841944
5 16 17:08:00 OK -9 0 0 0 1 20 1 No 0
5 16 17:18:00 OK 2 0 0 40000 10.25 150 1 No 2.327277705584417
5 16 17:23:00 OK -9 0 0 0 1.13 50 1 No 0.12221763272424911
5 16 17:36:00 NE 0 0 0 0 0.1 20 1 Yes -2.3025850929940455
5 16 17:45:00 OK 1 0 0 1000 0.75 50 1 No -0.2876820724517809
5 16 17:46:00 OK 2 10 1 25020000 18 1000 1 No 2.8903717578961645
5 16 18:59:00 KS 3 2 0 658000 26.64 300 1 No 3.2824138456721883
5 16 19:12:00 WI 0 0 0 0 0.33 175 1 Yes -1.1086626245216111
5 16 19:48:00 KS 0 0 0 0 0.34 75 1 Yes -1.0788096613719298
5 17 0:24:00 NE 1 0 0 0 2.19 50 1 No 0.7839015438284094
5 17 13:10:00 IA 0 0 0 0 0.02 10 1 Yes -3.912023005428146
5 17 13:42:00 IA 0 0 0 0 0.02 10 1 Yes -3.912023005428146
5 17 14:48:00 NE 1 0 0 0 0.37 50 1 No -0.994252273343867
5 17 15:16:00 IA 1 0 0 0 3.22 25 1 No 1.169381359556317
5 17 15:29:00 MN 0 0 0 10000 0.79 30 1 Yes -0.23572233352106983
5 17 16:04:00 IL 0 0 0 0 0.71 25 1 Yes -0.342490308946776
5 17 16:21:00 WI 1 0 0 60000 1.06 250 1 No 0.058268908123975824
5 17 17:36:00 IA 1 0 0 0 5.95 40 1 No 1.7833912195575383
5 17 17:50:00 IA 0 0 0 2000 0.2 30 1 Yes -1.6094379124341003
5 17 18:35:00 MN 0 0 0 10000 0.26 30 1 Yes -1.3470736479666092
5 17 18:44:00 IA 1 0 0 2000 2.14 25 1 No 0.7608058290337602
5 17 19:00:00 IL 1 0 0 40000 8.11 150 1 No 2.0930978681273213
5 17 19:44:00 IL 1 0 0 0 2.06 50 1 No 0.7227059828014898
5 17 20:20:00 IL 2 1 0 40000 1.29 50 1 No 0.25464221837358075
5 17 21:21:00 IL 1 0 0 100000 10.3 100 1 No 2.33214389523559
5 18 13:02:00 OK -9 0 0 0 0.7 50 1 No -0.35667494393873245
5 18 13:11:00 OK 0 0 0 5000 1.2 75 1 Yes 0.1823215567939546
5 18 14:29:00 CO -9 0 0 0 2.88 75 1 No 1.0577902941478545
5 18 14:29:00 OK 1 0 0 5000 6.05 100 1 No 1.80005827204275
5 18 14:40:00 OK -9 0 0 0 0.5 100 1 No -0.6931471805599453
5 18 15:03:00 KS 0 0 0 0 0.58 50 1 Yes -0.544727175441672
5 18 15:04:00 TX -9 0 0 0 0.2 50 1 No -1.6094379124341003
5 18 15:11:00 OK -9 0 0 0 0.2 50 1 No -1.6094379124341003
5 18 15:14:00 KS 0 0 0 0 0.49 50 1 Yes -0.7133498878774648
5 18 15:18:00 KS 0 0 0 0 0.35 50 1 Yes -1.0498221244986778
5 18 15:20:00 OK -9 0 0 0 0.2 30 1 No -1.6094379124341003
5 18 15:23:00 OK 0 0 0 10000 8.6 200 1 Yes 2.151762203259462
5 18 15:30:00 KS 0 0 0 0 0.11 50 1 Yes -2.2072749131897207
5 18 15:33:00 OK 0 0 0 5000 0.2 50 1 Yes -1.6094379124341003
5 18 15:33:00 KS 0 0 0 0 0.56 50 1 Yes -0.579818495252942
5 18 15:37:00 OK -9 0 0 0 0.2 30 1 No -1.6094379124341003
5 18 15:40:00 OK -9 0 0 0 0.3 50 1 No -1.2039728043259361
5 18 15:48:00 TX -9 0 0 0 1.2 50 1 No 0.1823215567939546
5 18 15:49:00 OK 1 0 0 2000 9 200 1 No 2.1972245773362196
5 18 15:54:00 TX 2 0 0 100000 2 100 1 No 0.6931471805599453
5 18 15:57:00 OK -9 0 0 0 0.2 50 1 No -1.6094379124341003
5 18 16:05:00 OK 0 0 0 12000 3.42 50 1 Yes 1.2296405510745139
5 18 16:23:00 KS 0 0 0 0 0.21 50 1 Yes -1.5606477482646683
5 18 16:49:00 KS 0 0 0 0 0.62 50 1 Yes -0.4780358009429998
5 18 16:52:00 KS 0 0 0 0 0.01 25 1 Yes -4.605170185988091
5 18 17:31:00 KS 0 0 0 0 0.34 50 1 Yes -1.0788096613719298
5 18 18:00:00 OK 0 0 0 2000 0.2 50 1 Yes -1.6094379124341003
5 18 18:41:00 TX 1 0 0 0 3.3 450 1 No 1.1939224684724346
5 18 19:04:00 TX 0 0 0 0 0.42 50 1 Yes -0.8675005677047232
5 18 19:38:00 TX 1 0 0 0 4.36 880 1 No 1.472472057360943
5 18 20:13:00 OK 0 0 0 5000 0.6 75 1 Yes -0.5108256237659907
5 18 20:46:00 OK 1 0 0 30000 8.2 1000 1 No 2.1041341542702074
5 18 20:56:00 OK 1 0 0 15000 4.6 1000 1 No 1.5260563034950492
5 18 20:57:00 OK 2 0 0 175000 13.7 850 1 No 2.617395832834079
5 18 21:11:00 OK 1 0 0 75000 4.7 500 1 No 1.547562508716013
5 18 21:15:00 OK 1 0 0 25000 3.8 450 1 No 1.33500106673234
5 18 21:25:00 OK 1 0 0 125000 8.8 600 1 No 2.174751721484161
5 18 21:30:00 OK 1 0 0 25000 5 500 1 No 1.6094379124341003
5 18 21:35:00 OK 1 0 0 20000 5.3 900 1 No 1.667706820558076
5 18 21:37:00 OK 1 0 0 25000 2 400 1 No 0.6931471805599453
5 18 21:39:00 OK 1 0 0 120000 10.3 700 1 No 2.33214389523559
5 18 21:40:00 OK 2 0 0 350000 2.8 400 1 No 1.0296194171811581
5 18 21:41:00 OK 1 0 0 20000 3.7 350 1 No 1.308332819650179
5 18 21:45:00 OK 1 0 0 0 16.6 650 1 No 2.8094026953624978
5 18 21:48:00 OK 1 0 0 200000 12.7 650 1 No 2.5416019934645457
5 18 22:01:00 OK 1 0 0 0 5.8 800 1 No 1.7578579175523736
5 18 23:07:00 AR 0 0 0 40000 2 225 1 Yes 0.6931471805599453
5 18 23:23:00 MO 1 0 0 100000 1 100 1 No 0
5 19 0:04:00 MO 0 0 0 50000 0.12 100 1 Yes -2.120263536200091
5 19 0:28:00 MO 0 1 0 10000 0.25 75 1 Yes -1.3862943611198906
5 19 0:30:00 MO 1 0 0 0 8.7 200 1 No 2.163323025660538
5 19 0:54:00 MO 0 0 0 100000 2.49 200 1 Yes 0.9122827104766164
5 19 1:00:00 MO 0 0 0 100000 3 500 1 Yes 1.0986122886681096
5 19 1:15:00 MO 1 0 0 10000 2 300 1 No 0.6931471805599453
5 19 2:00:00 MO 0 0 0 5000 0.25 50 1 Yes -1.3862943611198906
5 19 2:12:00 MO 0 0 0 50000 0.75 300 1 Yes -0.2876820724517809
5 19 3:15:00 MO 1 0 0 0 1.58 50 1 No 0.4574248470388755
5 19 3:23:00 MO 0 0 0 0 3.98 75 1 Yes 1.3812818192963463
5 19 13:55:00 MO 1 0 0 50000 2.03 10 1 No 0.7080357930536959
5 19 14:10:00 MO 0 0 0 50000 4.1 300 1 Yes 1.410986973710262
5 19 14:22:00 IN 1 0 0 250000 0.23 50 1 No -1.4696759700589417
5 19 14:23:00 TX -9 0 0 0 0.03 30 1 No -3.506557897319982
5 19 14:37:00 KS 0 0 0 0 0.38 50 1 Yes -0.9675840262617056
5 19 14:42:00 MO 1 0 0 50000 4.23 300 1 No 1.4422019930581866
5 19 14:53:00 KS 0 0 0 0 2.98 150 1 Yes 1.091923300517313
5 19 14:57:00 MO 0 0 0 5000 1 100 1 Yes 0
5 19 15:05:00 MO 0 0 0 0 0.86 100 1 Yes -0.15082288973458366
5 19 15:11:00 KS 0 0 0 0 2.22 50 1 Yes 0.7975071958841882
5 19 15:12:00 MO 0 0 0 0 0.47 75 1 Yes -0.7550225842780328
5 19 15:14:00 KS 0 0 0 0 4.5 75 1 Yes 1.5040773967762742
5 19 15:19:00 MO 0 0 0 5000 0.58 100 1 Yes -0.544727175441672
5 19 15:22:00 KS 0 0 0 0 0.21 50 1 Yes -1.5606477482646683
5 19 15:53:00 KS 0 0 0 0 0.32 50 1 Yes -1.1394342831883648
5 19 16:10:00 KS 0 0 0 0 0.31 50 1 Yes -1.171182981502945
5 19 16:32:00 KS 0 0 0 0 0.68 50 1 Yes -0.38566248081198456
5 19 16:37:00 KS 0 0 0 0 0.64 50 1 Yes -0.4462871026284195
5 19 17:00:00 TX -9 0 0 0 0.5 50 1 No -0.6931471805599453
5 19 17:27:00 MO 1 0 0 0 0.95 75 1 No -0.05129329438755058
5 19 18:15:00 KS 0 0 0 0 0.02 20 1 Yes -3.912023005428146
5 19 18:22:00 OK -9 0 0 0 0.2 50 1 No -1.6094379124341003
5 19 18:24:00 OK -9 0 0 0 0.2 50 1 No -1.6094379124341003
5 19 18:27:00 TX -9 0 0 0 0.08 25 1 No -2.5257286443082556
5 19 18:31:00 OK -9 0 0 0 0.2 50 1 No -1.6094379124341003
5 19 18:47:00 OK -9 0 0 0 2 400 1 No 0.6931471805599453
5 19 18:48:00 KS 0 0 0 0 0.21 50 1 Yes -1.5606477482646683
5 19 19:09:00 KS 0 0 0 0 0.01 25 1 Yes -4.605170185988091
5 19 19:25:00 KS 1 0 0 0 0.8 60 1 No -0.2231435513142097
5 19 19:38:00 KS 0 0 0 0 0.01 25 1 Yes -4.605170185988091
5 19 20:32:00 OK -9 0 0 0 1.5 50 1 No 0.4054651081081644
5 19 20:44:00 OK -9 0 0 0 2 50 1 No 0.6931471805599453
5 19 20:56:00 OK -9 0 0 0 6 50 1 No 1.791759469228055
5 19 21:13:00 OK -9 0 0 0 3 50 1 No 1.0986122886681096
5 20 17:10:00 IN 1 0 0 75000 0.16 30 1 No -1.8325814637483102
5 20 17:34:00 IN 0 0 0 0 1.22 50 1 Yes 0.19885085874516517
5 20 17:40:00 IN 1 0 0 20000 0.08 40 1 No -2.5257286443082556
5 20 18:40:00 IN 1 0 0 40000 1.45 40 1 No 0.371563556432483
5 21 13:55:00 TX 0 0 0 5000 7.23 20 1 Yes 1.9782390361706734
5 21 18:29:00 NM 0 0 0 0 2.23 50 1 Yes 0.8020015854720274
5 22 8:35:00 TX 0 0 0 200000 0.17 20 1 Yes -1.7719568419318752
5 22 10:45:00 TX 0 0 0 20000 0.1 20 1 Yes -2.3025850929940455
5 23 9:46:00 GA 0 0 0 2000 10.18 50 1 Yes 2.3204250111223765
5 23 10:56:00 GA 1 0 0 50000 10.63 100 1 No 2.363680192353857
5 23 11:46:00 GA 1 2 0 100000 5.22 150 1 No 1.6524974018945473
5 23 12:00:00 GA 1 0 0 500000 1.57 50 1 No 0.45107561936021673
5 23 13:38:00 NC 0 0 0 100000 2.24 30 1 Yes 0.8064758658669486
5 23 13:52:00 IL 0 0 0 0 0.26 15 1 Yes -1.3470736479666092
5 23 14:38:00 NC 1 1 0 1500000 13.74 100 1 No 2.620311286794203
5 23 15:30:00 IL 0 0 0 0 0.1 10 1 Yes -2.3025850929940455
5 23 15:53:00 GA 2 0 0 0 7.49 300 1 No 2.0135687975291283
5 23 16:16:00 NC 1 0 0 0 0.6 40 1 No -0.5108256237659907
5 23 16:37:00 TX 0 0 0 100000 1.81 200 1 Yes 0.5933268452777344
5 23 19:05:00 IL 0 0 0 0 0.15 10 1 Yes -1.8971199848858813
5 24 6:53:00 FL -9 0 0 0 0.64 25 1 No -0.4462871026284195
5 24 7:45:00 GA 1 0 0 20000 1.61 200 1 No 0.47623417899637166
5 24 8:47:00 GA 0 0 0 10000 0.28 90 1 Yes -1.2729656758128873
5 24 8:50:00 GA 0 0 0 30000 0.32 90 1 Yes -1.1394342831883648
5 24 9:16:00 GA 0 0 0 8000 0.08 30 1 Yes -2.5257286443082556
5 24 9:43:00 GA 0 0 0 7000 0.13 35 1 Yes -2.0402208285265546
5 24 10:36:00 TN 0 0 0 50000 2.1 75 1 Yes 0.7419373447293773
5 24 12:05:00 GA 0 0 0 25000 2.27 240 1 Yes 0.8197798314933114
5 24 12:40:00 SC 1 0 0 0 2.88 75 1 No 1.0577902941478545
5 24 13:04:00 SC 2 0 0 0 12.1 250 1 No 2.4932054526026954
5 24 13:26:00 NC 0 0 0 10000 1.13 50 1 Yes 0.12221763272424911
5 24 13:41:00 NC 2 0 0 250000 3.2 100 1 No 1.1631508098056809
5 24 14:14:00 NC 2 1 0 9600000 5.94 225 1 No 1.7817091333745536
5 24 14:19:00 SC 1 0 0 100000 8.05 50 2 No 2.0856720914304723
5 24 14:19:00 SC 0 0 0 0 0.67 50 2 Yes -0.40047756659712525
5 24 14:21:00 NC 1 0 0 100000 7.38 50 2 No 1.998773638612381
5 24 14:48:00 GA 0 0 0 5000 1.12 568 1 Yes 0.11332868530700327
5 24 14:52:00 NC 2 0 0 20000000 16.1 700 1 No 2.7788192719904172
5 24 17:47:00 OH 0 0 0 0 0.2 25 1 Yes -1.6094379124341003
5 24 18:11:00 OH 1 0 0 100000 3.04 100 1 No 1.1118575154181303
5 24 18:26:00 OH 0 0 0 3000 2.61 40 1 Yes 0.959350221334602
5 24 18:27:00 OH 0 0 0 0 0.72 25 1 Yes -0.3285040669720361
5 24 18:30:00 OH 0 0 0 0 2.23 25 1 Yes 0.8020015854720274
5 24 19:06:00 OH 0 0 0 2000 1.61 90 1 Yes 0.47623417899637166
5 24 19:12:00 OH 0 0 0 100000 1.13 90 1 Yes 0.12221763272424911
5 24 19:16:00 OH 1 0 0 250000 0.4 300 1 No -0.916290731874155
5 24 19:20:00 OH 1 0 0 50000 4.11 300 1 No 1.4134230285081433
5 24 20:03:00 OH 1 0 0 5000 1.91 160 1 No 0.6471032420585384
5 24 21:09:00 GA 1 0 0 50000 4.2 440 1 No 1.4350845252893227
5 25 13:05:00 CO 0 0 0 0 0.01 25 1 Yes -4.605170185988091
5 25 15:35:00 CO 0 0 0 0 2.78 100 1 Yes 1.0224509277025455
5 26 12:40:00 WY 0 0 0 1000 11.36 30 1 Yes 2.4300984132930052
5 26 16:20:00 CO 0 0 0 0 0.01 25 1 Yes -4.605170185988091
5 26 16:53:00 IL 1 0 0 45000 0.29 75 1 No -1.2378743560016174
5 26 17:15:00 CO 0 0 0 0 0.01 25 1 Yes -4.605170185988091
5 26 18:45:00 CO 0 0 0 0 0.5 75 1 Yes -0.6931471805599453
5 26 22:35:00 KS 0 0 0 0 0.25 50 1 Yes -1.3862943611198906
5 26 22:45:00 KS 0 0 0 0 0.25 30 1 Yes -1.3862943611198906
5 27 13:38:00 MO 1 0 0 25000 0.06 300 1 No -2.8134107167600364
5 27 13:38:00 MO 1 0 0 50000 0.13 50 1 No -2.0402208285265546
5 27 13:50:00 MO 1 0 0 100000 9 100 1 No 2.1972245773362196
5 27 14:05:00 MO 1 0 0 100000 4.97 400 1 No 1.6034198401085373
5 27 14:09:00 MO 1 0 0 0 2.07 100 1 No 0.7275486072772777
5 27 14:25:00 MO 1 0 0 0 0.01 100 1 No -4.605170185988091
5 27 15:00:00 MO 0 0 0 0 0.01 50 1 Yes -4.605170185988091
5 27 19:18:00 MO 0 0 0 40000 1.85 85 1 Yes 0.6151856390902335
5 27 19:20:00 OK 0 0 0 0 2.1 100 1 Yes 0.7419373447293773
5 27 19:55:00 OK -9 0 0 0 0.6 100 1 No -0.5108256237659907
5 27 21:17:00 OK -9 0 0 0 2.83 50 1 No 1.0402767116551463
5 27 21:39:00 OK -9 0 0 0 1.5 50 1 No 0.4054651081081644
5 27 22:06:00 OK -9 0 0 0 2.52 100 1 No 0.924258901523332
5 27 22:45:00 OK 1 0 0 30000 11.2 700 2 No 2.4159137783010487
5 27 22:45:00 OK 1 0 0 0 1.6 625 2 No 0.4700036292457356
5 27 22:46:00 AR 1 0 0 30000 9.6 700 2 No 2.2617630984737906
5 28 15:53:00 TX 1 0 0 750000 10.27 800 1 No 2.329227023940467
5 28 16:07:00 TX 1 0 0 35000 4.64 400 1 No 1.534714366238164
5 28 18:50:00 LA 1 0 0 0 1.13 564 1 No 0.12221763272424911
5 28 18:52:00 LA 1 0 0 0 0.12 127 1 No -2.120263536200091
5 28 19:07:00 LA 1 0 0 0 0.09 135 1 No -2.407945608651872
5 30 13:36:00 LA -9 0 0 0 0.25 50 1 No -1.3862943611198906
5 30 15:39:00 LA 0 0 0 0 0.25 75 1 Yes -1.3862943611198906
5 30 15:59:00 VA 0 0 0 0 0.45 25 1 Yes -0.7985076962177716
5 31 13:44:00 KS 0 0 0 0 0.34 50 1 Yes -1.0788096613719298
5 31 16:58:00 NY 1 0 0 0 1.11 440 1 No 0.10436001532424286
6 5 14:32:00 CO 0 0 0 0 0.01 25 1 Yes -4.605170185988091
6 5 17:07:00 FL 0 0 0 0 0.06 10 1 Yes -2.8134107167600364
6 5 17:25:00 NC 1 0 0 0 0.28 100 1 No -1.2729656758128873
6 6 12:11:00 FL 1 0 0 0 2.21 70 1 No 0.7929925155296614
6 7 11:49:00 ND 0 0 0 0 0.4 25 1 Yes -0.916290731874155
6 7 11:59:00 ND 0 0 0 0 3 75 1 Yes 1.0986122886681096
6 7 12:02:00 ND 0 0 0 0 0.25 50 1 Yes -1.3862943611198906
6 7 12:13:00 ND 0 0 0 0 0.5 100 1 Yes -0.6931471805599453
6 7 12:17:00 ND 0 0 0 0 0.58 100 1 Yes -0.544727175441672
6 7 12:18:00 ND 0 0 0 0 1 100 1 Yes 0
6 7 12:18:00 ND 0 0 0 0 4 100 1 Yes 1.3862943611198906
6 7 12:23:00 ND 0 0 0 0 1.87 75 1 Yes 0.6259384308664953
6 7 18:28:00 CO 0 0 0 0 0.1 25 1 Yes -2.3025850929940455
6 9 15:05:00 IL 0 0 0 0 0.21 20 1 Yes -1.5606477482646683
6 9 17:09:00 ND 0 0 0 0 2 200 1 Yes 0.6931471805599453
6 9 17:27:00 ND 1 0 0 100000 1.29 600 1 No 0.25464221837358075
6 9 17:45:00 ND 2 0 0 1500000 18 800 1 No 2.8903717578961645
6 9 18:08:00 ND 2 0 0 200000 8 600 1 No 2.0794415416798357
6 9 18:12:00 ND 1 0 0 200000 1 200 1 No 0
6 9 18:34:00 ND 0 0 0 0 2.05 200 1 Yes 0.7178397931503168
6 9 19:27:00 ND 0 0 0 0 0.1 25 1 Yes -2.3025850929940455
6 9 19:29:00 ND 0 0 0 10000 3 150 1 Yes 1.0986122886681096
6 9 20:32:00 ND 0 0 0 0 0.1 75 1 Yes -2.3025850929940455
6 10 1:10:00 MN 1 0 0 150000 0.6 150 1 No -0.5108256237659907
6 11 6:31:00 MN 1 0 0 200000 1.63 300 1 No 0.4885800148186709
6 12 15:55:00 WY -9 0 0 0 23.24 40 1 No 3.1458749319837103
6 12 16:40:00 WY 0 0 0 0 2.78 80 1 Yes 1.0224509277025455
6 12 16:40:00 CO 2 0 0 0 14.98 300 2 No 2.7067159780890733
6 12 16:40:00 CO 1 0 0 0 7.24 300 2 No 1.979621206397625
6 12 16:57:00 WY 2 0 0 0 7.74 200 2 No 2.046401687601636
6 12 16:49:00 WY 1 0 0 0 0.5 25 1 No -0.6931471805599453
6 12 17:05:00 WY 1 0 0 0 1.51 80 1 No 0.412109650826833
6 12 17:09:00 WY 2 2 0 603000 25.55 500 2 No 3.2406373166497136
6 12 17:09:00 WY 2 1 0 597000 14.87 200 2 No 2.6993457604720636
6 12 17:30:00 NE 2 1 0 6000 10.68 500 2 No 2.3683728335320486
6 12 17:30:00 WY 2 0 0 10000 1.58 250 1 No 0.4574248470388755
6 12 17:50:00 WY 0 0 0 0 0.69 25 1 Yes -0.37106368139083207
6 12 18:01:00 NE 1 0 0 0 0.96 80 1 No -0.040821994520255166
6 12 18:12:00 NE -9 0 0 0 0.74 25 1 No -0.3011050927839216
6 12 18:14:00 WY 0 0 0 0 3.14 30 1 Yes 1.144222799920162
6 12 18:21:00 WI 0 0 0 7000 2.13 50 1 Yes 0.7561219797213337
6 12 18:30:00 NE 1 0 0 25000 4.19 100 1 No 1.4327007339340465
6 12 18:33:00 NE -9 0 0 0 1.09 25 1 No 0.0861776962410524
6 12 18:36:00 WY 0 0 0 0 0.07 20 1 Yes -2.659260036932778
6 12 19:13:00 NE 1 0 0 0 0.24 50 1 No -1.4271163556401458
6 12 19:19:00 NE 2 0 0 3500000 31.65 300 1 No 3.4547381485901854
6 12 20:30:00 NE 1 0 0 21000 9.2 10 1 No 2.2192034840549946
6 12 20:40:00 NE 1 0 0 21000 9.2 10 1 No 2.2192034840549946
6 12 21:10:00 SD 0 0 0 0 0.01 7 1 Yes -4.605170185988091
6 12 22:40:00 NE 1 0 0 21000 9.2 10 1 No 2.2192034840549946
6 13 15:16:00 SD 0 0 0 0 0.12 10 1 Yes -2.120263536200091
6 13 15:25:00 SD 1 0 0 0 0.25 175 1 No -1.3862943611198906
6 13 15:32:00 SD 0 0 0 0 0.1 10 1 Yes -2.3025850929940455
6 13 17:05:00 SD 0 0 0 0 0.1 10 1 Yes -2.3025850929940455
6 13 17:45:00 MN 0 0 0 0 1.54 35 1 Yes 0.43178241642553783
6 13 17:56:00 MN 1 0 0 0 2.96 300 1 No 1.085189268335969
6 13 18:28:00 MN 0 0 0 0 0.45 75 1 Yes -0.7985076962177716
6 13 18:29:00 SD 1 0 0 0 0.21 40 1 No -1.5606477482646683
6 13 18:55:00 SD 0 0 0 0 0.12 50 1 Yes -2.120263536200091
6 13 19:20:00 SD 1 0 0 0 0.36 100 1 No -1.0216512475319814
6 13 19:25:00 SD 0 0 0 0 0.13 90 1 Yes -2.0402208285265546
6 13 19:27:00 MN 1 0 0 0 0.25 170 1 No -1.3862943611198906
6 13 19:30:00 MN 1 0 0 0 0.07 50 1 No -2.659260036932778
6 14 11:30:00 FL 0 0 0 0 0.01 10 1 Yes -4.605170185988091
6 14 12:47:00 WI 0 0 0 0 0.1 25 1 Yes -2.3025850929940455
6 14 13:49:00 WI 1 0 0 100000 2.78 100 1 No 1.0224509277025455
6 14 14:28:00 WI 1 0 0 255000 8.02 125 1 No 2.081938421878423
6 14 14:30:00 WI 0 0 0 2500 2.83 50 1 Yes 1.0402767116551463
6 14 14:31:00 WI 0 0 0 0 3.99 50 1 Yes 1.3837912309017721
6 14 14:40:00 WI 1 0 0 0 3.98 100 1 No 1.3812818192963463
6 14 14:45:00 WI 1 0 0 0 5.08 75 1 No 1.6253112615903906
6 14 14:51:00 WI 1 0 0 75000 5.8 150 1 No 1.7578579175523736
6 14 14:53:00 WI 0 0 0 0 1.21 50 1 Yes 0.1906203596086497
6 14 14:53:00 WI 0 0 0 25000 3.05 50 1 Yes 1.11514159061932
6 16 15:47:00 NE 0 0 0 0 0.5 25 1 Yes -0.6931471805599453
6 16 16:32:00 NE 1 0 0 350000 2.11 100 1 No 0.7466879474879751
6 16 16:50:00 NE 0 0 0 0 4.52 25 1 Yes 1.5085119938441398
6 16 18:10:00 NE 1 0 0 0 1.44 50 1 No 0.36464311358790924
6 16 19:05:00 NE 2 0 0 0 13.99 250 2 No 2.63834278867739
6 16 19:05:00 NE 2 0 0 0 9.42 150 2 No 2.2428350885882717
6 16 19:10:00 IA 1 0 0 0 4.57 250 2 No 1.5195132049061133
6 16 19:08:00 NE 1 0 0 0 6.65 300 2 No 1.8946168546677629
6 16 19:08:00 NE 1 0 0 0 4.86 300 2 No 1.5810384379124025
6 16 19:11:00 IA 1 0 0 0 1.79 150 2 No 0.5822156198526637
6 16 19:40:00 NE 0 0 0 0 0.5 20 1 Yes -0.6931471805599453
6 16 20:35:00 IA 1 0 0 30000 1.32 40 1 No 0.27763173659827955
6 16 20:39:00 NE 0 0 0 0 0.94 40 1 Yes -0.06187540371808753
6 16 22:01:00 KS 1 0 0 0 2.63 100 1 No 0.9669838461896731
6 16 22:18:00 MS 1 0 0 0 2.68 100 1 No 0.9858167945227654
6 17 20:47:00 MO 0 0 0 0 4.75 50 1 Yes 1.55814461804655
6 18 18:05:00 TX 0 0 0 0 6.06 200 1 Yes 1.801709800081223
6 18 19:00:00 TX 0 0 0 0 1.75 100 1 Yes 0.5596157879354227
6 18 19:05:00 TX 0 0 0 0 2.04 150 1 Yes 0.712949807856125
6 19 10:20:00 PA 0 0 0 50000 1.05 250 1 Yes 0.04879016416943205
6 19 12:36:00 PA 0 0 0 0 2.1 50 1 Yes 0.7419373447293773
6 19 13:49:00 MD 0 0 0 0 0.22 100 1 Yes -1.5141277326297755
6 19 15:52:00 PA 0 0 0 15000 0.75 60 1 Yes -0.2876820724517809
6 19 15:52:00 PA 0 0 0 20000 0.75 60 1 Yes -0.2876820724517809
6 19 17:15:00 DE 0 0 0 0 0.6 200 1 Yes -0.5108256237659907
6 20 8:15:00 FL 0 0 0 10000 0.39 50 1 Yes -0.9416085398584448
6 21 5:18:00 FL 0 0 0 40000 2.52 75 1 Yes 0.924258901523332
6 21 7:20:00 MS 0 0 0 0 5.48 50 1 Yes 1.7011051009599243
6 21 14:02:00 AL 0 0 0 0 0.1 25 1 Yes -2.3025850929940455
6 21 14:08:00 AL 0 0 0 0 0.85 25 1 Yes -0.16251892949777494
6 21 17:24:00 MN 0 0 0 0 0.47 75 1 Yes -0.7550225842780328
6 21 17:39:00 MN 0 0 0 0 1.28 100 1 Yes 0.2468600779315258
6 21 17:57:00 AL 1 0 0 50000 4.84 75 1 No 1.5769147207285403
6 21 19:35:00 AL 0 0 0 25000 0.13 25 1 Yes -2.0402208285265546
6 22 11:21:00 AL 1 0 0 0 8.29 255 1 No 2.1150499691472033
6 22 13:42:00 AL 0 0 0 0 0.27 50 1 Yes -1.3093333199837622
6 22 17:30:00 MS 0 0 0 0 2.75 150 1 Yes 1.0116009116784799
6 23 13:21:00 PA 1 0 0 60000 2.97 250 1 No 1.0885619528146084
6 23 15:37:00 KY 1 0 0 100000 5.1 75 1 No 1.62924053973028
6 23 15:55:00 WV 0 0 0 65000 0.27 200 1 Yes -1.3093333199837622
6 23 16:05:00 KY 1 0 0 150000 2.1 100 1 No 0.7419373447293773
6 23 17:47:00 WV 1 0 0 20000 0.13 47 1 No -2.0402208285265546
6 23 17:58:00 WV 1 0 0 300000 4.4 400 1 No 1.4816045409242156
6 24 6:21:00 NJ 0 0 0 0 0.5 40 1 Yes -0.6931471805599453
6 24 6:27:00 NJ 0 0 0 0 0.3 25 1 Yes -1.2039728043259361
6 25 15:25:00 CO 0 0 0 2000 4.37 200 1 Yes 1.4747630091074988
6 25 17:08:00 OK 0 0 0 0 0.1 10 1 Yes -2.3025850929940455
6 25 17:33:00 OK 0 0 0 0 0.1 10 1 Yes -2.3025850929940455
6 26 17:20:00 KS 0 0 0 0 6.87 50 1 Yes 1.927164106234258
6 28 14:46:00 IA 2 0 0 0 3.7 135 1 No 1.308332819650179
6 28 14:57:00 IA 0 0 0 5000 14.93 100 1 Yes 2.703372611551099
6 28 15:21:00 IA 1 0 0 0 2.12 75 1 No 0.7514160886839212
6 28 15:21:00 IA 1 0 0 10000 3.78 100 1 No 1.3297240096314962
6 28 15:25:00 WI 1 0 0 0 11.35 700 1 No 2.4292177439274116
6 28 15:43:00 IA 0 0 0 1000 1.94 30 1 Yes 0.6626879730752367
6 28 15:45:00 IA 1 0 0 20000 7.59 100 1 No 2.0268315914075385
6 28 15:49:00 WI 1 0 0 0 2.2 180 1 No 0.7884573603642703
6 28 16:05:00 IA 2 0 0 75000 6.99 1000 1 No 1.9444805562457188
6 28 16:54:00 IA 1 0 0 85000 17.8 500 1 No 2.8791984572980396
6 28 17:18:00 IA 0 0 0 0 0.51 25 1 Yes -0.6733445532637656
6 28 17:22:00 MN 0 0 0 0 0.01 25 1 Yes -4.605170185988091
6 28 17:38:00 IA 2 1 0 0 11.69 200 1 No 2.458733775483977
6 28 17:42:00 MN 0 0 0 5000 0.42 25 1 Yes -0.8675005677047232
6 28 17:48:00 MO 1 0 0 0 16.37 75 1 No 2.7954503913830435
6 28 17:55:00 WI 1 0 0 145000 0.57 150 1 No -0.5621189181535413
6 28 17:55:00 WI 1 0 0 325000 2.21 300 1 No 0.7929925155296614
6 28 18:07:00 MN 0 0 0 3000 0.48 25 1 Yes -0.7339691750802004
6 28 18:14:00 IA 2 0 0 0 2.5 30 1 No 0.9162907318741551
6 28 18:26:00 IA 0 0 0 0 0.02 10 1 Yes -3.912023005428146
6 28 18:38:00 WI 0 0 0 60000 0.79 100 1 Yes -0.23572233352106983
6 28 18:56:00 IA 1 0 0 0 2 15 1 No 0.6931471805599453
6 28 19:14:00 IL 1 0 0 0 5.86 200 1 No 1.7681496035889213
6 28 19:23:00 IL 1 0 0 0 1.64 100 1 No 0.494696241836107
6 28 19:31:00 MO 0 0 0 0 1.31 25 1 Yes 0.2700271372130602
6 28 19:50:00 MO 0 0 0 0 1.44 25 1 Yes 0.36464311358790924
6 29 16:45:00 NE 1 0 0 0 14.4 150 1 No 2.667228206581955
6 30 13:49:00 NY 1 0 0 0 0.25 50 1 No -1.3862943611198906
6 30 14:45:00 NY 0 0 0 20000 1.47 125 1 Yes 0.3852624007906449
6 30 15:28:00 NY 1 0 0 0 0.6 150 1 No -0.5108256237659907
6 30 18:31:00 MI 0 0 0 0 0.2 25 1 Yes -1.6094379124341003
7 1 12:20:00 ME 0 0 0 0 3.42 50 1 Yes 1.2296405510745139
7 1 14:42:00 ME 1 0 0 0 1.53 250 1 No 0.4252677354043441
7 1 16:09:00 ME 1 0 0 0 0.32 200 1 No -1.1394342831883648
7 1 16:14:00 ME 1 1 0 0 2.48 200 1 No 0.9082585601768908
7 1 16:31:00 ME 0 0 0 0 2.54 75 1 Yes 0.9321640810304452
7 3 5:28:00 AR 1 0 0 750000 0.09 75 1 No -2.407945608651872
7 3 15:30:00 NM 0 0 0 0 0.82 30 1 Yes -0.19845093872383832
7 3 16:20:00 TN 0 0 0 0 0.31 75 1 Yes -1.171182981502945
7 5 17:58:00 TN 1 0 0 750000 1.54 200 1 No 0.43178241642553783
7 5 19:58:00 TN 0 0 0 10000 3.9 75 1 Yes 1.3609765531356006
7 5 20:14:00 WV 0 0 0 0 0.26 30 1 Yes -1.3470736479666092
7 6 13:48:00 MN 1 0 0 0 0.93 264 1 No -0.07257069283483537
7 6 15:30:00 NM 0 0 0 0 0.04 20 1 Yes -3.2188758248682006
7 7 11:30:00 TX 0 0 0 0 0.1 1 1 Yes -2.3025850929940455
7 7 18:00:00 FL 0 0 0 0 0.05 15 1 Yes -2.995732273553991
7 7 18:29:00 FL 0 0 0 20000 0.69 25 1 Yes -0.37106368139083207
7 8 18:20:00 UT -9 0 0 0 0.05 1 1 No -2.995732273553991
7 9 20:37:00 MN 0 0 0 0 1.32 50 1 Yes 0.27763173659827955
7 9 21:30:00 MN 1 0 0 0 2.68 100 1 No 0.9858167945227654
7 10 12:00:00 UT -9 0 0 0 0.05 1 1 No -2.995732273553991
7 10 13:57:00 PA 0 0 0 30000 3.18 75 1 Yes 1.1568811967920856
7 10 16:45:00 IL 0 0 0 0 1.6 50 1 Yes 0.4700036292457356
7 10 17:35:00 OH 0 0 0 15000 0.44 50 1 Yes -0.8209805520698302
7 10 17:53:00 IN 1 0 0 0 3.84 200 1 No 1.3454723665996355
7 10 17:58:00 IN 1 0 0 0 2.95 100 1 No 1.0818051703517284
7 10 18:14:00 OH 0 0 0 10000 6.35 150 1 Yes 1.8484548129046003
7 11 16:16:00 ND 0 0 0 0 2 150 1 Yes 0.6931471805599453
7 11 16:35:00 IA 1 0 0 1000 4.58 60 1 No 1.5216989981260935
7 11 16:39:00 ND 1 0 0 2000 1.52 150 1 No 0.41871033485818504
7 11 16:45:00 PA 0 0 0 10000 1 250 1 Yes 0
7 11 16:48:00 ND 0 0 0 0 0.4 100 1 Yes -0.916290731874155
7 11 16:51:00 ND 0 0 0 2000 1 100 1 Yes 0
7 11 17:25:00 ND 1 0 0 2000 5.92 150 1 No 1.7783364488959144
7 11 17:30:00 ND 1 0 0 4000 7 150 1 No 1.9459101490553132
7 11 17:50:00 ND 0 0 0 0 5.8 1150 1 Yes 1.7578579175523736
7 11 17:58:00 ND 2 0 0 750000 22 1200 1 No 3.091042453358316
7 11 18:07:00 MN 1 0 0 50000 10 250 1 No 2.302585092994046
7 11 18:48:00 ND 2 0 0 800000 11.64 600 2 No 2.454447442303292
7 11 18:48:00 ND 2 0 0 250000 6.64 600 2 No 1.8931119634883424
7 11 19:00:00 MN 2 0 0 550000 5 600 2 No 1.6094379124341003
7 11 19:42:00 MN 2 0 0 475000 12.81 500 1 No 2.550226115908643
7 12 1:20:00 MN 0 0 0 0 12.64 440 1 Yes 2.5368663887187113
7 12 1:27:00 MN 1 0 0 0 10.72 400 1 No 2.372111155642656
7 12 1:39:00 MN 0 0 0 0 0.55 200 1 Yes -0.5978370007556204
7 12 1:41:00 MN 0 0 0 0 3.03 250 1 Yes 1.1085626195212777
7 12 19:30:00 WI 0 0 0 5000 0.73 30 1 Yes -0.31471074483970024
7 14 19:55:00 AZ 0 0 0 0 0.11 10 1 Yes -2.2072749131897207
7 15 12:14:00 LA 0 0 0 0 0.05 10 1 Yes -2.995732273553991
7 15 14:27:00 TX 0 0 0 40000 0.38 20 1 Yes -0.9675840262617056
7 15 15:15:00 TX 0 0 0 100000 0.1 20 1 Yes -2.3025850929940455
7 17 16:39:00 MN 0 0 0 0 4.38 200 1 Yes 1.4770487243883548
7 17 16:46:00 MN 0 0 0 0 1.91 75 1 Yes 0.6471032420585384
7 17 17:07:00 MN 0 0 0 0 4.68 200 1 Yes 1.5432981099295553
7 19 8:35:00 ND 0 0 0 0 0.26 25 1 Yes -1.3470736479666092
7 19 9:23:00 NC 0 0 0 10000 0.15 25 1 Yes -1.8971199848858813
7 19 13:00:00 MN 0 0 0 30000 0.5 50 1 Yes -0.6931471805599453
7 19 13:02:00 MN 0 0 0 25000 1.54 50 1 Yes 0.43178241642553783
7 19 13:48:00 MN 0 0 0 0 5.32 330 1 Yes 1.6714733033535532
7 19 16:07:00 MN 1 0 0 40000 0.77 25 1 No -0.2613647641344075
7 19 16:15:00 IA 0 0 0 12000 0.72 20 1 Yes -0.3285040669720361
7 19 16:25:00 MN 1 0 0 20000 2.03 30 1 No 0.7080357930536959
7 19 16:30:00 LA 0 0 0 0 0.67 10 1 Yes -0.40047756659712525
7 19 17:08:00 IA 1 2 0 840000 5.78 400 1 No 1.7544036826842861
7 20 10:30:00 NY 2 0 0 3500 6.11 700 1 No 1.809926773183504
7 20 10:55:00 NY 0 0 0 100000 1.34 450 1 Yes 0.29266961396282004
7 20 11:29:00 NY 0 0 0 25000 1.06 150 1 Yes 0.058268908123975824
7 20 11:45:00 NY 1 0 0 250000 4.22 740 1 No 1.4398351280479205
7 21 14:45:00 MN 1 0 0 100000 2.81 200 1 No 1.0331844833456545
7 21 16:34:00 MN 0 0 0 0 0.4 100 1 Yes -0.916290731874155
7 21 16:44:00 IA 0 0 0 0 0.12 10 1 Yes -2.120263536200091
7 21 16:52:00 KS 0 0 0 0 0.01 400 1 Yes -4.605170185988091
7 21 18:19:00 IL 1 0 0 40000 3.72 150 1 No 1.3137236682850553
7 21 19:50:00 ND 0 0 0 0 0.17 25 1 Yes -1.7719568419318752
7 22 16:48:00 OH 1 0 0 25000 0.8 230 1 No -0.2231435513142097
7 22 17:40:00 PA 0 0 0 0 0.1 25 1 Yes -2.3025850929940455
7 23 13:33:00 IN 0 0 0 40000 1.71 50 1 Yes 0.5364933705145685
7 23 23:23:00 MD 2 1 0 0 2.37 150 1 No 0.8628899551470399
7 24 13:57:00 PA 0 0 0 0 0.34 25 1 Yes -1.0788096613719298
7 25 18:50:00 SD 0 0 0 0 0.25 25 1 Yes -1.3862943611198906
7 26 17:06:00 IA 0 0 0 0 1.25 25 1 Yes 0.22314355131420976
7 27 11:38:00 FL 0 0 0 0 0.11 40 1 Yes -2.2072749131897207
7 29 17:00:00 AZ 0 0 0 0 0.12 10 1 Yes -2.120263536200091
7 29 17:55:00 MT 0 0 0 0 0.13 10 1 Yes -2.0402208285265546
7 31 13:55:00 FL 0 0 0 96000 0.69 100 1 Yes -0.37106368139083207
8 2 17:27:00 IL 0 0 0 0 0.5 40 1 Yes -0.6931471805599453
8 3 16:10:00 MI 0 0 0 55000 0.09 55 1 Yes -2.407945608651872
8 3 17:04:00 MN 0 0 0 0 0.34 20 1 Yes -1.0788096613719298
8 3 17:04:00 MN 0 0 0 0 0.2 10 1 Yes -1.6094379124341003
8 3 17:10:00 MN 0 0 0 0 0.1 20 1 Yes -2.3025850929940455
8 3 18:05:00 AZ 0 0 0 0 0.25 100 1 Yes -1.3862943611198906
8 4 12:50:00 NY -9 0 0 0 0.05 20 1 No -2.995732273553991
8 4 15:55:00 PA 1 0 0 5000 1.22 200 1 No 0.19885085874516517
8 4 17:46:00 GA 1 0 0 100000 1.86 200 1 No 0.6205764877251099
8 5 20:47:00 ME 1 0 0 0 2.53 33 1 No 0.9282193027394288
8 5 21:30:00 ME 1 0 0 0 0.48 20 1 No -0.7339691750802004
8 6 0:19:00 OK 2 30 0 50000000 6.9 550 1 No 1.9315214116032138
8 6 0:27:00 OK 1 0 0 220000 2.9 400 1 No 1.0647107369924282
8 6 0:32:00 OK 1 0 0 15000 4.5 200 1 No 1.5040773967762742
8 6 1:11:00 OK 1 0 0 5000 0.9 400 1 No -0.10536051565782628
8 7 11:40:00 MD 1 0 0 750000 1.47 150 1 No 0.3852624007906449
8 7 12:51:00 VA 0 0 0 15000 2.09 50 1 Yes 0.7371640659767196
8 7 16:22:00 NE 0 0 0 0 0.1 10 1 Yes -2.3025850929940455
8 9 17:50:00 NM 0 0 0 0 0.33 50 1 Yes -1.1086626245216111
8 11 15:03:00 FL 0 0 0 0 0.22 25 1 Yes -1.5141277326297755
8 11 16:08:00 VA 0 0 0 0 1.38 100 1 Yes 0.3220834991691133
8 12 13:12:00 PA 1 0 0 500000 5.53 200 1 No 1.7101878155342436
8 12 17:10:00 CO 0 0 0 0 0.01 25 1 Yes -4.605170185988091
8 12 17:27:00 CO 0 0 0 0 0.01 25 1 Yes -4.605170185988091
8 12 17:30:00 CO 0 0 0 0 0.01 25 1 Yes -4.605170185988091
8 12 17:45:00 CO 0 0 0 0 0.01 25 1 Yes -4.605170185988091
8 13 19:00:00 TX 0 0 0 0 0.09 20 1 Yes -2.407945608651872
8 15 18:10:00 NE 0 0 0 0 6.78 50 1 Yes 1.9139771019523042
8 16 15:46:00 MN 0 0 0 0 3.87 75 1 Yes 1.3532545070416904
8 16 16:03:00 MN 0 0 0 0 1.94 25 1 Yes 0.6626879730752367
8 16 16:32:00 MN 0 0 0 0 1.27 20 1 Yes 0.23901690047049992
8 16 16:33:00 MN 1 0 0 0 5.22 75 1 No 1.6524974018945473
8 16 17:15:00 MN 0 0 0 0 1.37 60 1 Yes 0.3148107398400336
8 16 17:26:00 MN 0 0 0 0 4.08 75 1 Yes 1.4060969884160703
8 16 18:05:00 MN 0 0 0 0 1.34 10 1 Yes 0.29266961396282004
8 16 18:21:00 MN 0 0 0 0 0.61 25 1 Yes -0.4942963218147801
8 16 18:21:00 IL 1 0 0 0 2.79 75 1 No 1.0260415958332743
8 16 18:22:00 IL 1 0 0 0 0.54 60 1 No -0.616186139423817
8 16 18:28:00 IL 0 0 0 0 3.25 20 1 Yes 1.1786549963416462
8 16 18:46:00 MN 0 0 0 0 1.2 75 1 Yes 0.1823215567939546
8 16 19:05:00 MN 0 0 0 0 0.77 50 1 Yes -0.2613647641344075
8 16 19:08:00 MN 0 0 0 0 0.05 30 1 Yes -2.995732273553991
8 17 17:11:00 OH 1 0 0 50000 1.04 100 1 No 0.03922071315328133
8 17 17:34:00 MI 0 0 0 45000 0.26 75 1 Yes -1.3470736479666092
8 17 19:10:00 MI 0 0 0 0 3.07 100 1 Yes 1.1216775615991057
8 18 15:40:00 FL 0 0 0 0 0.18 20 1 Yes -1.7147984280919268
8 18 16:29:00 FL 0 0 0 8000 0.36 15 1 Yes -1.0216512475319814
8 18 18:26:00 MN 1 0 0 500000 3.03 100 1 No 1.1085626195212777
8 18 18:37:00 MN 1 0 0 0 1.34 100 1 No 0.29266961396282004
8 18 18:47:00 MN 1 0 0 0 1.63 100 1 No 0.4885800148186709
8 18 18:47:00 IA 1 0 0 0 1.63 100 1 No 0.4885800148186709
8 18 19:07:00 IA 2 0 0 300000 5.14 250 1 No 1.6370530794670737
8 18 20:21:00 IA 0 0 0 0 0.81 50 1 Yes -0.21072103131565253
8 19 18:40:00 NE 0 0 0 0 0.1 10 1 Yes -2.3025850929940455
8 19 18:48:00 NE 1 0 0 50000 2.3 840 1 No 0.832909122935104
8 19 18:48:00 NE 1 0 0 10000 0.69 330 1 No -0.37106368139083207
8 19 19:03:00 NE 0 0 0 0 0.1 10 1 Yes -2.3025850929940455
8 19 19:14:00 NE 2 0 0 100000 0.65 540 1 No -0.4307829160924542
8 21 16:52:00 IA 0 0 0 5000 3.28 80 1 Yes 1.1878434223960523
8 21 16:58:00 IA 0 0 0 0 1.08 10 1 Yes 0.0769610411361284
8 22 14:23:00 PA 1 0 0 50000 1.5 250 1 No 0.4054651081081644
8 22 14:55:00 NY 1 0 0 10000 0.15 30 1 No -1.8971199848858813
8 22 15:25:00 NY 0 0 0 50000 0.43 150 1 Yes -0.843970070294529
8 25 13:18:00 TX 0 0 0 500 0.12 20 1 Yes -2.120263536200091
8 25 14:30:00 TX 0 0 0 30000 0.23 30 1 Yes -1.4696759700589417
8 25 15:08:00 TX 1 0 0 500000 2.18 50 1 No 0.7793248768009977
8 25 15:14:00 TX 0 0 0 10000 0.16 20 1 Yes -1.8325814637483102
8 25 17:11:00 TX 0 0 0 100000 3.98 50 1 Yes 1.3812818192963463
8 25 21:44:00 TX 0 0 0 100000 4.76 50 1 Yes 1.5602476682433286
8 25 23:28:00 TX 0 0 0 50000 4.31 50 1 Yes 1.4609379041156563
8 25 23:50:00 TX 1 0 0 1000000 1.56 50 1 No 0.44468582126144574
8 25 23:56:00 TX 1 0 0 500000 1.46 100 1 No 0.37843643572024505
8 26 1:10:00 TX 0 0 0 0 1.45 30 1 Yes 0.371563556432483
8 26 1:12:00 TX 0 0 0 30000 0.11 30 1 Yes -2.2072749131897207
8 26 3:30:00 TX 0 0 0 100000 1.02 30 1 Yes 0.01980262729617973
8 26 4:00:00 TX 1 0 0 1300000 0.9 50 1 No -0.10536051565782628
8 26 7:05:00 TX 0 0 0 0 0.16 20 1 Yes -1.8325814637483102
8 26 11:22:00 LA 0 0 0 7000 1.66 25 1 Yes 0.5068176023684519
8 26 14:50:00 TX 1 0 0 500000 0.94 50 1 No -0.06187540371808753
8 26 15:20:00 SD 0 0 0 0 0.66 10 1 Yes -0.4155154439616658
8 26 15:20:00 TX 0 0 0 30000 0.52 50 1 Yes -0.6539264674066639
8 26 16:23:00 TX 0 0 0 50000 0.54 30 1 Yes -0.616186139423817
8 26 19:15:00 TX 1 0 0 2000000 5.78 100 1 No 1.7544036826842861
8 26 19:19:00 FL 0 0 0 20000 0.32 50 1 Yes -1.1394342831883648
8 26 23:00:00 TX 0 0 0 50000 0.03 30 1 Yes -3.506557897319982
8 27 0:43:00 TX 1 0 0 300000 2.27 50 1 No 0.8197798314933114
8 27 3:03:00 TX 0 0 0 200000 0.73 30 1 Yes -0.31471074483970024
8 27 9:15:00 TX 0 0 0 50000 0.08 20 1 Yes -2.5257286443082556
8 27 13:15:00 LA 0 0 0 5000 0.21 25 1 Yes -1.5606477482646683
8 27 13:35:00 LA 0 0 0 0 0.15 25 1 Yes -1.8971199848858813
8 28 3:39:00 LA 0 0 0 15000 0.28 25 1 Yes -1.2729656758128873
8 29 16:00:00 LA 0 0 0 0 0.02 25 1 Yes -3.912023005428146
8 29 16:09:00 LA 2 0 0 200000 2.18 175 1 No 0.7793248768009977
8 29 16:34:00 LA 0 0 0 0 0.14 25 1 Yes -1.9661128563728327
8 30 0:00:00 MS 0 0 0 0 0.15 30 1 Yes -1.8971199848858813
8 30 1:20:00 MS 0 0 0 0 0.25 200 1 Yes -1.3862943611198906
8 30 9:04:00 MS 1 0 0 150000 1.71 100 1 No 0.5364933705145685
8 30 9:07:00 MS 1 0 0 0 3.25 200 1 No 1.1786549963416462
8 30 10:31:00 MS 0 0 0 0 2.32 250 1 Yes 0.8415671856782185
8 30 10:41:00 MS 1 0 0 200000 1.26 160 1 No 0.23111172096338664
8 30 11:35:00 MS 0 0 0 15000 1.08 50 1 Yes 0.0769610411361284
8 31 7:19:00 AR 0 0 0 15000 1.71 50 1 Yes 0.5364933705145685
8 31 10:57:00 MS 0 0 0 25000 0.27 30 1 Yes -1.3093333199837622
8 31 12:13:00 MS 0 0 0 0 1.07 40 1 Yes 0.06765864847381486
8 31 12:23:00 MS 1 0 0 150000 2.47 150 1 No 0.9042181506398859
8 31 12:43:00 MS 0 0 0 50000 0.25 30 1 Yes -1.3862943611198906
8 31 14:07:00 TN 0 0 0 10000 1.25 50 1 Yes 0.22314355131420976
8 31 14:40:00 AL 2 6 0 0 31.24 600 1 No 3.441699324971485
8 31 15:19:00 TN 0 0 0 10000 0.25 50 1 Yes -1.3862943611198906
8 31 16:03:00 TN 0 0 0 10000 0.75 70 1 Yes -0.2876820724517809
8 31 16:11:00 TN 0 0 0 10000 3.42 75 1 Yes 1.2296405510745139
8 31 17:57:00 AL 1 0 0 0 6.5 100 1 No 1.8718021769015913
8 31 18:28:00 AL 1 0 0 0 0.56 200 1 No -0.579818495252942
8 31 18:42:00 AL 0 0 0 0 0.3 35 1 Yes -1.2039728043259361
8 31 19:58:00 AL 2 0 0 0 13.63 300 1 No 2.612273245708441
8 31 22:21:00 TN 1 0 0 25000 0.62 75 1 No -0.4780358009429998
8 31 22:47:00 TN 0 0 0 15000 0.94 50 1 Yes -0.06187540371808753
9 1 14:07:00 OR 1 0 0 240000 0.69 167 1 No -0.37106368139083207
9 1 16:30:00 ND 0 0 0 0 0.07 50 1 Yes -2.659260036932778
9 1 16:38:00 ND 0 0 0 0 6.02 150 1 Yes 1.7950872593207297
9 1 18:16:00 ND 0 0 0 1000 1.67 150 1 Yes 0.5128236264286636
9 4 20:42:00 OH 2 2 0 2050000 16.67 400 1 No 2.813610696762703
9 9 6:10:00 FL 1 0 0 0 0.1 50 1 No -2.3025850929940455
9 9 10:20:00 FL 1 0 0 0 0.25 50 1 No -1.3862943611198906
9 9 14:45:00 CO 0 0 0 0 0.28 50 1 Yes -1.2729656758128873
9 9 16:35:00 FL 0 0 0 0 1.93 100 1 Yes 0.6575200029167941
9 9 17:20:00 FL 0 0 0 0 0.5 75 1 Yes -0.6931471805599453
9 10 5:40:00 FL 1 0 0 0 0.25 50 1 No -1.3862943611198906
9 10 6:59:00 FL 1 0 0 40000 0.03 50 1 No -3.506557897319982
9 10 7:19:00 FL 0 0 0 0 0.2 50 1 Yes -1.6094379124341003
9 10 9:00:00 FL 1 0 0 0 1.33 75 1 No 0.28517894223366247
9 10 9:19:00 FL 2 0 0 20000 0.59 50 1 No -0.527632742082372
9 10 9:24:00 FL 1 0 0 0 1.21 75 1 No 0.1906203596086497
9 10 11:40:00 FL 1 0 0 0 1.2 50 1 No 0.1823215567939546
9 10 15:48:00 FL 2 0 0 0 1.55 125 1 No 0.4382549309311553
9 10 16:00:00 FL 1 0 0 0 0.48 60 1 No -0.7339691750802004
9 10 16:28:00 FL 1 0 0 0 3.84 500 1 No 1.3454723665996355
9 10 17:50:00 FL 1 0 0 0 4.99 200 1 No 1.6074359097634274
9 10 19:04:00 FL 1 0 0 0 0.78 175 1 No -0.2484613592984996
9 10 19:04:00 FL 1 0 0 0 1.23 50 1 No 0.2070141693843261
9 10 19:14:00 FL 1 0 0 0 0.3 60 1 No -1.2039728043259361
9 10 19:48:00 FL 1 0 0 0 3.36 60 1 No 1.2119409739751128
9 10 22:20:00 FL 0 0 0 0 4.12 200 1 Yes 1.415853163361435
9 10 23:15:00 FL 2 0 0 0 1.2 300 1 No 0.1823215567939546
9 11 0:25:00 FL 0 0 0 0 5.95 100 1 Yes 1.7833912195575383
9 11 0:25:00 FL 0 0 0 0 10.69 100 1 Yes 2.3693087250369538
9 11 12:48:00 SC 0 0 0 0 1.46 60 1 Yes 0.37843643572024505
9 11 15:45:00 SC 1 0 0 0 0.43 30 1 No -0.843970070294529
9 11 16:19:00 SC 0 0 0 0 0.12 55 1 Yes -2.120263536200091
9 11 17:01:00 SC 0 0 0 0 2 50 1 Yes 0.6931471805599453
9 11 17:13:00 SC 0 0 0 0 0.57 90 1 Yes -0.5621189181535413
9 13 16:51:00 NV 0 0 0 0 2.01 50 1 Yes 0.6981347220709843
9 15 18:04:00 SD 0 0 0 0 0.1 100 1 Yes -2.3025850929940455
9 19 15:41:00 ND 1 0 0 30000 3.7 200 1 No 1.308332819650179
9 19 18:46:00 SD 1 0 0 0 2.75 155 1 No 1.0116009116784799
9 19 18:50:00 MN 1 0 0 52000 4.57 100 1 No 1.5195132049061133
9 19 19:55:00 SD 0 0 0 0 0.08 10 1 Yes -2.5257286443082556
9 19 20:26:00 SD 0 0 0 0 0.11 10 1 Yes -2.2072749131897207
9 19 23:18:00 MN 0 0 0 0 2.12 100 1 Yes 0.7514160886839212
9 19 23:22:00 MN 1 0 0 0 0.11 80 1 No -2.2072749131897207
9 19 23:28:00 MN 1 0 0 1600000 12.59 550 1 No 2.532902848056256
9 19 23:32:00 MN 1 0 0 1300000 9.2 880 1 No 2.2192034840549946
9 19 23:48:00 MN 0 0 0 0 1.16 330 1 Yes 0.14842000511827322
9 19 23:49:00 MN 1 0 0 0 8.18 360 1 No 2.1016921506146558
9 20 0:04:00 MN 1 0 0 0 6.75 440 1 No 1.9095425048844383
9 21 16:29:00 NV 0 0 0 0 0.44 20 1 Yes -0.8209805520698302
9 25 13:10:00 TX 0 0 0 0 0.1 15 1 Yes -2.3025850929940455
9 30 14:55:00 NM 0 0 0 0 2.45 30 1 Yes 0.8960880245566357
10 1 16:53:00 KS 0 0 0 0 3.4 100 1 Yes 1.2237754316221157
10 1 17:30:00 KS 0 0 0 0 0.59 100 1 Yes -0.527632742082372
10 1 17:57:00 KS 0 0 0 0 0.01 15 1 Yes -4.605170185988091
10 2 17:53:00 KS 0 0 0 0 4.47 100 1 Yes 1.4973884086254774
10 2 18:02:00 KS 1 0 0 150000 2.5 150 1 No 0.9162907318741551
10 2 18:09:00 KS 2 0 0 0 18.31 450 1 No 2.907447358686419
10 2 18:15:00 KS 0 0 0 0 0.73 100 1 Yes -0.31471074483970024
10 2 18:43:00 KS 1 0 0 40000 0.41 75 1 No -0.8915981192837836
10 2 18:58:00 KS 0 0 0 4000 0.14 50 1 Yes -1.9661128563728327
10 2 19:24:00 KS 1 0 0 75000 0.54 100 1 No -0.616186139423817
10 2 22:42:00 NE 0 0 0 0 0.28 20 1 Yes -1.2729656758128873
10 6 16:25:00 CO 1 0 0 0 0.01 25 1 No -4.605170185988091
10 6 17:56:00 KS 0 0 0 0 0.73 50 1 Yes -0.31471074483970024
10 6 18:50:00 KS 0 0 0 0 2.36 50 1 Yes 0.8586616190375187
10 6 21:06:00 KS 1 0 0 0 1.1 40 1 No 0.09531017980432493
10 7 12:58:00 AL 0 0 0 0 0.07 25 1 Yes -2.659260036932778
10 7 15:47:00 AL 0 0 0 50000 0.27 25 1 Yes -1.3093333199837622
10 7 15:59:00 WI 0 0 0 250000 9.7 100 1 Yes 2.272125885509337
10 7 17:26:00 AL 0 0 0 10000 0.55 200 1 Yes -0.5978370007556204
10 7 17:34:00 AL 0 0 0 5000 0.13 25 1 Yes -2.0402208285265546
10 7 17:55:00 AL 0 0 0 0 2.9 400 1 Yes 1.0647107369924282
10 7 18:31:00 AL 1 0 0 0 3.93 625 1 No 1.3686394258811698
10 7 19:05:00 IN 0 0 0 85000 5.72 100 1 Yes 1.7439688053917064
10 7 19:20:00 AL 0 0 0 0 3.01 50 1 Yes 1.1019400787607843
10 7 19:47:00 AL 1 0 0 0 5.94 150 1 No 1.7817091333745536
10 7 20:28:00 MS 0 0 0 25000 0.6 200 1 Yes -0.5108256237659907
10 8 14:08:00 SC 1 0 0 20000 12 100 1 No 2.4849066497880004
10 8 14:16:00 SC 1 0 0 20000 0.07 100 1 No -2.659260036932778
10 8 14:20:00 SC 1 0 0 0 2.6 50 1 No 0.9555114450274365
10 8 14:36:00 SC 2 0 0 250000 8.42 300 1 No 2.130609828254235
10 8 14:40:00 SC 2 0 0 300000 22.28 200 1 No 3.1036894150590832
10 8 14:54:00 NC 0 0 0 21000 13.46 100 1 Yes 2.599722324216582
10 8 15:34:00 SC 0 0 0 10000 0.21 200 1 Yes -1.5606477482646683
10 8 15:34:00 NC 1 0 0 150000 2.19 250 1 No 0.7839015438284094
10 8 15:37:00 SC 1 0 0 50000 1.38 200 1 No 0.3220834991691133
10 8 15:40:00 NC 1 0 0 200000 0.63 200 1 No -0.4620354595965587
10 8 15:51:00 NC 0 0 0 10000 2.42 100 1 Yes 0.8837675401685949
10 8 16:01:00 NC 1 0 0 300000 6.71 400 1 No 1.9035989509835904
10 8 16:45:00 NC 1 0 0 110000 7.08 300 1 No 1.9572739077056285
10 12 16:05:00 WA 0 0 0 2000 0.16 25 1 Yes -1.8325814637483102
10 12 16:39:00 OR 0 0 0 40000 0.62 50 1 Yes -0.4780358009429998
10 14 16:09:00 MO 1 0 0 0 0.1 10 1 No -2.3025850929940455
10 14 17:25:00 IL 0 0 0 0 0.82 25 1 Yes -0.19845093872383832
10 20 3:58:00 TX 0 0 0 50000 0.5 300 1 Yes -0.6931471805599453
10 21 16:23:00 OK -9 0 0 0 0.1 20 1 No -2.3025850929940455
10 21 17:05:00 OK -9 0 0 0 0.2 30 1 No -1.6094379124341003
10 21 18:08:00 OK 1 0 0 3000 4.8 200 1 No 1.5686159179138452
10 21 18:12:00 OK 1 0 0 5000 0.5 50 1 No -0.6931471805599453
10 21 18:12:00 OK 1 0 0 15000 6.2 400 1 No 1.8245492920510458
10 21 18:16:00 OK 1 0 0 10000 3.1 150 1 No 1.1314021114911006
10 21 18:23:00 OK 1 0 0 3000 3.3 100 1 No 1.1939224684724346
10 21 19:36:00 OK 1 0 0 102000 3.4 50 1 No 1.2237754316221157
10 21 20:52:00 OK 1 0 0 50000 2 150 1 No 0.6931471805599453
10 22 11:10:00 MS 1 1 0 0 1.39 100 1 No 0.3293037471426003
10 23 1:28:00 AL 1 0 0 0 2.4 75 1 No 0.8754687373538999
10 23 12:52:00 SC 1 0 0 50000 12.68 100 1 No 2.5400259490090797
10 23 13:12:00 SC 2 1 0 1000000 3.02 350 1 No 1.1052568313867783
10 23 13:33:00 SC 1 0 0 205000 21.83 150 2 No 3.0832851705618527
10 23 13:33:00 SC 1 0 0 5000 3.28 150 2 No 1.1878434223960523
10 23 13:40:00 NC 1 0 0 200000 18.55 100 2 No 2.920469789053444
10 23 13:36:00 SC 2 0 0 250000 4.86 150 2 No 1.5810384379124025
10 23 13:36:00 SC 2 0 0 250000 4.58 150 2 No 1.5216989981260935
10 23 13:41:00 NC 0 0 0 0 0.28 100 2 Yes -1.2729656758128873
10 23 14:08:00 NC 1 0 0 100000 12.34 100 1 No 2.5128460184772416
10 23 14:37:00 NC 2 0 0 2000000 4.87 1300 1 No 1.5830939370944985
10 23 14:44:00 NC 1 0 0 0 6.48 750 1 No 1.8687205103641835
10 23 14:54:00 NC 1 0 0 0 8.17 200 1 No 2.1004689088719113
10 23 15:11:00 NC 1 1 0 1000000 8.6 275 1 No 2.151762203259462
10 23 15:53:00 VA 1 0 0 100000 0.57 150 1 No -0.5621189181535413
10 23 16:33:00 VA 1 0 0 500000 1.34 300 1 No 0.29266961396282004
10 23 16:35:00 VA 1 0 0 100000 1.74 300 1 No 0.5538851132264376
10 23 20:27:00 SC 1 0 0 25000 0.36 75 1 No -1.0216512475319814
10 23 21:45:00 NC 0 0 0 7000 0.36 50 1 Yes -1.0216512475319814
10 24 1:00:00 VA 0 0 0 50000 0.38 75 1 Yes -0.9675840262617056
10 24 13:15:00 FL 0 0 0 0 0.01 20 1 Yes -4.605170185988091
10 28 11:19:00 FL 0 0 0 0 0.48 50 1 Yes -0.7339691750802004
10 28 15:42:00 FL 0 0 0 0 0.25 75 1 Yes -1.3862943611198906
10 28 16:08:00 FL 0 0 0 0 2.08 125 1 Yes 0.7323678937132266
10 31 7:15:00 NY 0 0 0 3500 0.4 10 1 Yes -0.916290731874155
11 5 12:20:00 IN 1 0 0 125000 2.87 150 1 No 1.0543120297715298
11 5 12:24:00 IN 2 1 0 11090000 38.72 600 2 No 3.656356262408376
11 5 12:24:00 IN 2 1 0 90000 30.67 600 2 No 3.4232849781261603
11 5 13:18:00 OH 2 0 0 11000000 8.05 500 2 No 2.0856720914304723
11 5 13:18:00 OH 1 0 0 200000 1.34 50 1 No 0.29266961396282004
11 5 13:40:00 OH 2 8 0 5000000 5.41 200 1 No 1.6882490928583902
11 5 13:42:00 OH 1 0 0 125000 1.24 50 1 No 0.2151113796169455
11 5 14:09:00 IN 1 0 0 20000 0.09 100 1 No -2.407945608651872
11 5 15:51:00 OH 2 0 0 150000 0.61 150 1 No -0.4942963218147801
11 5 15:53:00 OH 1 0 0 200000 0.44 180 1 No -0.8209805520698302
11 5 16:00:00 OH 2 0 0 750000 1.09 200 1 No 0.0861776962410524
11 5 16:02:00 OH 0 0 0 200000 0.59 100 1 Yes -0.527632742082372
11 5 16:08:00 OH 1 0 0 200000 2.96 200 1 No 1.085189268335969
11 5 16:10:00 OH 0 0 0 125000 3.25 100 1 Yes 1.1786549963416462
11 5 16:21:00 OH 1 0 0 250000 1.83 100 1 No 0.6043159668533296
11 5 16:23:00 OH 0 0 0 50000 0.62 50 1 Yes -0.4780358009429998
11 5 16:29:00 OH 1 0 0 150000 2.04 100 1 No 0.712949807856125
11 5 16:52:00 OH 1 0 0 75000 0.2 50 1 No -1.6094379124341003
11 5 17:07:00 PA 0 0 0 500000 1.94 100 1 Yes 0.6626879730752367
11 5 17:16:00 OH 1 0 0 125000 6.62 200 1 No 1.890095369948917
11 5 17:24:00 IL 1 0 0 70000 6.84 50 1 No 1.922787731634459
11 5 17:51:00 OH 2 0 0 1500000 6.7 200 1 No 1.9021075263969205
11 5 18:18:00 OH 1 0 0 10000 0.75 176 1 No -0.2876820724517809
11 5 22:04:00 IN 0 0 0 100000 0.59 325 1 Yes -0.527632742082372
11 5 22:16:00 IN 1 0 0 250000 0.25 35 1 No -1.3862943611198906
11 5 22:20:00 IN 1 0 0 200000 0.5 60 1 No -0.6931471805599453
11 17 15:25:00 ID 0 0 0 200 5 20 1 Yes 1.6094379124341003
11 18 10:15:00 IN 0 0 0 8000 0.32 110 1 Yes -1.1394342831883648
11 18 12:15:00 IL 0 0 0 250000 0.68 30 1 Yes -0.38566248081198456
11 18 13:38:00 IL 0 0 0 5000 0.09 30 1 Yes -2.407945608651872
11 18 14:38:00 IN 1 0 0 70000 2.38 300 1 No 0.8671004876833832
11 18 15:02:00 KY 1 0 0 100000 2.82 300 1 No 1.036736884950022
11 18 15:20:00 KY 1 1 0 250000 1.99 60 1 No 0.688134638736401
11 18 15:32:00 KY 1 1 0 200000 1.82 50 1 No 0.598836501088704
11 18 15:36:00 KY 0 0 0 125000 0.73 150 1 Yes -0.31471074483970024
11 18 15:52:00 TN 0 0 0 15000 0.91 75 1 Yes -0.09431067947124129
11 18 16:30:00 TN 1 0 0 50000 2.34 200 1 No 0.85015092936961
11 18 16:53:00 TN 1 0 0 70000 10.93 100 1 No 2.391511302188447
11 18 17:00:00 KY 1 0 0 75000 1.49 50 1 No 0.3987761199573678
11 18 17:01:00 AL 1 0 0 0 1.71 200 1 No 0.5364933705145685
11 18 17:04:00 TN 0 0 0 25000 6.9 125 1 Yes 1.9315214116032138
11 18 17:18:00 AL 1 0 0 0 4.33 300 1 No 1.4655675420143985
11 18 23:11:00 PA 1 0 0 50000 5.41 125 1 No 1.6882490928583902
11 22 15:40:00 FL 0 0 0 0 0.25 25 1 Yes -1.3862943611198906
12 4 16:54:00 MO 1 2 0 200000 10 30 1 No 2.302585092994046
12 4 17:13:00 MO 2 1 0 100000 7.97 50 2 No 2.075684492802124
12 4 17:13:00 MO 2 1 0 100000 6.9 50 2 No 1.9315214116032138
12 4 17:26:00 IA 1 0 0 0 1.07 10 2 No 0.06765864847381486
12 4 18:18:00 MO 1 0 0 50000 0.4 100 1 No -0.916290731874155
12 19 18:53:00 TX 2 0 0 120000 3.08 691 1 No 1.1249295969854831
12 19 19:31:00 TX 2 0 0 125000 6.39 1300 1 No 1.8547342683894434
12 20 1:02:00 LA 1 0 0 75000 0.95 110 1 No -0.05129329438755058
12 20 1:37:00 TX 1 0 0 30000 4 250 1 No 1.3862943611198906
12 20 1:59:00 LA 1 0 0 15000 3.05 600 1 No 1.11514159061932
12 20 2:17:00 LA 1 0 0 250000 4.7 600 1 No 1.547562508716013
12 20 6:39:00 MS 0 0 0 0 0.17 50 1 Yes -1.7719568419318752
12 20 10:40:00 AL 0 0 0 0 3.17 16 1 Yes 1.1537315878891892
12 20 12:15:00 GA 0 0 0 30000 3.17 125 1 Yes 1.1537315878891892