Day Train "Aggregate Train" "Aggregate Proportion Train"
1 0 0 0
2 0 0 0
3 0 0 0
4 0 0 0
5 0 0 0
6 1 1 0.16666666666666666
7 0 1 0.14285714285714285
8 0 1 0.125
9 1 2 0.2222222222222222
10 0 2 0.2
11 0 2 0.18181818181818182
12 0 2 0.16666666666666666
13 1 3 0.23076923076923078
14 1 4 0.2857142857142857
15 0 4 0.26666666666666666
16 0 4 0.25
17 0 4 0.23529411764705882
18 0 4 0.2222222222222222
19 1 5 0.2631578947368421
20 0 5 0.25
21 1 6 0.2857142857142857
22 0 6 0.2727272727272727
23 1 7 0.30434782608695654
24 0 7 0.2916666666666667
25 0 7 0.28
26 0 7 0.2692307692307692
27 0 7 0.25925925925925924
28 0 7 0.25
29 0 7 0.2413793103448276
30 0 7 0.23333333333333334
31 0 7 0.22580645161290322
32 0 7 0.21875
33 0 7 0.21212121212121213
34 0 7 0.20588235294117646
35 0 7 0.2
36 0 7 0.19444444444444445
37 0 7 0.1891891891891892
38 0 7 0.18421052631578946
39 0 7 0.1794871794871795
40 0 7 0.175
41 0 7 0.17073170731707318
42 0 7 0.16666666666666666
43 0 7 0.16279069767441862
44 0 7 0.1590909090909091
45 0 7 0.15555555555555556
46 0 7 0.15217391304347827
47 0 7 0.14893617021276595
48 1 8 0.16666666666666666
49 0 8 0.16326530612244897
50 1 9 0.18
51 0 9 0.17647058823529413
52 0 9 0.17307692307692307
53 0 9 0.16981132075471697
54 1 10 0.18518518518518517
55 0 10 0.18181818181818182
56 0 10 0.17857142857142858
57 1 11 0.19298245614035087
58 0 11 0.1896551724137931
59 0 11 0.1864406779661017
60 0 11 0.18333333333333332
61 0 11 0.18032786885245902
62 0 11 0.1774193548387097
63 1 12 0.19047619047619047
64 0 12 0.1875
65 0 12 0.18461538461538463
66 0 12 0.18181818181818182
67 0 12 0.1791044776119403
68 0 12 0.17647058823529413
69 0 12 0.17391304347826086
70 0 12 0.17142857142857143
71 0 12 0.16901408450704225
72 0 12 0.16666666666666666
73 0 12 0.1643835616438356
74 0 12 0.16216216216216217
75 1 13 0.17333333333333334
76 0 13 0.17105263157894737
77 0 13 0.16883116883116883
78 1 14 0.1794871794871795
79 0 14 0.17721518987341772
80 0 14 0.175
81 0 14 0.1728395061728395
82 0 14 0.17073170731707318
83 0 14 0.1686746987951807
84 0 14 0.16666666666666666
85 0 14 0.16470588235294117
86 0 14 0.16279069767441862
87 0 14 0.16091954022988506
88 0 14 0.1590909090909091
89 0 14 0.15730337078651685
90 1 15 0.16666666666666666
91 1 16 0.17582417582417584
92 0 16 0.17391304347826086
93 0 16 0.17204301075268819
94 0 16 0.1702127659574468
95 0 16 0.16842105263157894
96 1 17 0.17708333333333334
97 0 17 0.17525773195876287
98 0 17 0.17346938775510204
99 0 17 0.1717171717171717
100 0 17 0.17
101 0 17 0.16831683168316833
102 0 17 0.16666666666666666
103 0 17 0.1650485436893204
104 0 17 0.16346153846153846
105 1 18 0.17142857142857143
106 0 18 0.16981132075471697
107 0 18 0.16822429906542055
108 1 19 0.17592592592592593
109 1 20 0.1834862385321101
110 1 21 0.19090909090909092
111 1 22 0.1981981981981982
112 0 22 0.19642857142857142
113 1 23 0.20353982300884957
114 1 24 0.21052631578947367
115 0 24 0.20869565217391303
116 0 24 0.20689655172413793
117 1 25 0.21367521367521367
118 0 25 0.211864406779661
119 0 25 0.21008403361344538
120 0 25 0.20833333333333334
121 0 25 0.2066115702479339
122 0 25 0.20491803278688525
123 0 25 0.2032520325203252
124 0 25 0.20161290322580644
125 0 25 0.2
126 1 26 0.20634920634920634
127 0 26 0.2047244094488189
128 0 26 0.203125
129 0 26 0.20155038759689922
130 0 26 0.2
131 0 26 0.1984732824427481
132 0 26 0.19696969696969696
133 0 26 0.19548872180451127
134 0 26 0.19402985074626866
135 0 26 0.1925925925925926
136 0 26 0.19117647058823528
137 1 27 0.19708029197080293
138 0 27 0.1956521739130435
139 0 27 0.19424460431654678
140 0 27 0.19285714285714287
141 1 28 0.19858156028368795
142 0 28 0.19718309859154928
143 0 28 0.1958041958041958
144 0 28 0.19444444444444445
145 0 28 0.19310344827586207
146 0 28 0.1917808219178082
147 1 29 0.19727891156462585
148 1 30 0.20270270270270271
149 1 31 0.2080536912751678
150 0 31 0.20666666666666667
151 0 31 0.2052980132450331
152 0 31 0.20394736842105263
153 1 32 0.20915032679738563
154 0 32 0.2077922077922078
155 0 32 0.2064516129032258
156 0 32 0.20512820512820512
157 0 32 0.20382165605095542
158 1 33 0.2088607594936709
159 1 34 0.2138364779874214
160 0 34 0.2125
161 0 34 0.2111801242236025
162 0 34 0.20987654320987653
163 0 34 0.2085889570552147
164 0 34 0.2073170731707317
165 0 34 0.20606060606060606
166 0 34 0.20481927710843373
167 0 34 0.20359281437125748
168 0 34 0.20238095238095238
169 0 34 0.20118343195266272
170 1 35 0.20588235294117646
171 0 35 0.2046783625730994
172 0 35 0.20348837209302326
173 0 35 0.2023121387283237
174 0 35 0.20114942528735633
175 0 35 0.2
176 0 35 0.19886363636363635
177 0 35 0.1977401129943503
178 0 35 0.19662921348314608
179 0 35 0.19553072625698323
180 0 35 0.19444444444444445
181 0 35 0.19337016574585636
182 0 35 0.19230769230769232
183 1 36 0.19672131147540983
184 0 36 0.1956521739130435
185 1 37 0.2
186 0 37 0.1989247311827957
187 1 38 0.20320855614973263
188 0 38 0.20212765957446807
189 0 38 0.20105820105820105
190 0 38 0.2
191 0 38 0.19895287958115182
192 0 38 0.19791666666666666
193 0 38 0.19689119170984457
194 0 38 0.1958762886597938
195 0 38 0.19487179487179487
196 0 38 0.19387755102040816
197 1 39 0.19796954314720813
198 0 39 0.19696969696969696
199 0 39 0.19597989949748743
200 1 40 0.2